2.438563327032136074e-01
2.438563327032136074e-01
2.438563327032136074e-01
2.438563327032136074e-01
2.438563327032136074e-01
2.438563327032136074e-01
2.438563327032136074e-01
2.438563327032136074e-01
2.438563327032136074e-01
2.438563327032136074e-01
2.214532871972316741e-01
2.214532871972316741e-01
2.214532871972316741e-01
2.214532871972316741e-01
2.214532871972316741e-01
2.214532871972316741e-01
2.214532871972316741e-01
2.214532871972316741e-01
2.214532871972316741e-01
2.214532871972316741e-01
2.438563327032136074e-01
2.438563327032136074e-01
2.438563327032136074e-01
2.438563327032136074e-01
2.438563327032136074e-01
2.438563327032136074e-01
2.438563327032136074e-01
2.438563327032136074e-01
2.438563327032136074e-01
2.438563327032136074e-01
2.214532871972316741e-01
2.214532871972316741e-01
2.214532871972316741e-01
2.214532871972316741e-01
2.214532871972316741e-01
2.214532871972316741e-01
2.214532871972316741e-01
2.214532871972316741e-01
2.214532871972316741e-01
2.214532871972316741e-01
2.438563327032136074e-01
2.438563327032136074e-01
2.438563327032136074e-01
2.438563327032136074e-01
2.438563327032136074e-01
2.438563327032136074e-01
2.438563327032136074e-01
2.438563327032136074e-01
2.438563327032136074e-01
2.438563327032136074e-01
2.214532871972316741e-01
2.214532871972316741e-01
2.214532871972316741e-01
2.214532871972316741e-01
2.214532871972316741e-01
2.214532871972316741e-01
2.214532871972316741e-01
2.214532871972316741e-01
2.214532871972316741e-01
2.214532871972316741e-01
2.438563327032136074e-01
2.438563327032136074e-01
2.438563327032136074e-01
2.438563327032136074e-01
2.438563327032136074e-01
2.438563327032136074e-01
2.438563327032136074e-01
2.438563327032136074e-01
2.438563327032136074e-01
2.438563327032136074e-01
2.214532871972316741e-01
2.214532871972316741e-01
2.214532871972316741e-01
2.214532871972316741e-01
2.214532871972316741e-01
2.214532871972316741e-01
2.214532871972316741e-01
2.214532871972316741e-01
2.214532871972316741e-01
2.214532871972316741e-01
2.438563327032136074e-01
2.438563327032136074e-01
2.438563327032136074e-01
2.438563327032136074e-01
2.438563327032136074e-01
2.438563327032136074e-01
2.438563327032136074e-01
2.438563327032136074e-01
2.438563327032136074e-01
2.438563327032136074e-01
2.214532871972316741e-01
2.214532871972316741e-01
2.214532871972316741e-01
2.214532871972316741e-01
2.214532871972316741e-01
2.214532871972316741e-01
2.214532871972316741e-01
2.214532871972316741e-01
2.214532871972316741e-01
2.214532871972316741e-01