-0.0013015346951157408,0.0006934543509389836
-0.0013778364977981479,-0.0016255884016330182
0.014149765130855177,0.0008333469430721634
0.005190906983941631,-0.024480592925425246
-0.028841894844530324,-0.01832965893159965
-0.02859471630168428,0.027584812215237158
0.01617556445228885,0.03288719679283992
-0.001377836497798146,-0.0016255884016330162
0.002114607830287452,-0.004087159852975681
0.006138168102338043,0.01862378203260458
0.030150177124324957,-0.003216977103093841
0.0097493872853373,-0.037893837485468186
-0.038760416883513844,-0.020860881776980637
-0.028594716301684288,0.027584812215237155
0.014149765130855176,0.0008333469430721631
0.006138168102338045,0.01862378203260458
-0.009656130514732797,-0.0030122326295857326
0.005267717785591328,0.022288724689654794
0.03382981432535651,0.0016582323411401636
0.009749387285337297,-0.03789383748546818
-0.028841894844530327,-0.01832965893159965
0.005190906983941629,-0.02448059292542525
0.030150177124324953,-0.0032169771030938414
0.0052677177855913315,0.022288724689654805
-0.007944698510689963,-0.007211610935716302
0.005267717785591332,0.02228872468965481
0.030150177124324964,-0.0032169771030938397
0.005190906983941634,-0.02448059292542525
-0.028841894844530324,-0.018329658931599654
0.009749387285337299,-0.037893837485468186
0.03382981432535651,0.0016582323411401647
0.005267717785591333,0.0222887246896548
-0.009656130514732787,-0.0030122326295857274
0.006138168102338038,0.01862378203260458
0.014149765130855174,0.0008333469430721675
-0.028594716301684284,0.027584812215237155
-0.038760416883513844,-0.020860881776980637
0.009749387285337299,-0.03789383748546818
0.030150177124324964,-0.0032169771030938392
0.006138168102338036,0.018623782032604584
0.002114607830287461,-0.0040871598529756805
-0.0013778364977981422,-0.0016255884016330158
0.01617556445228885,0.03288719679283991
-0.028594716301684277,0.02758481221523715
-0.02884189484453033,-0.01832965893159965
0.005190906983941635,-0.024480592925425242
0.014149765130855177,0.0008333469430721676
-0.0013778364977981438,-0.0016255884016330199
-0.001301534695115742,0.0006934543509389875
-0.03154493095571723,-0.018507968943396746
-0.015350572378782344,0.03779945845107468
0.048934833577677146,-0.009204877268039084
-0.010863989066745799,0.014012307347553465
-0.04592132327877186,0.008125507335136251
0.009888290000047342,-0.04870869943722811
0.042667339516791664,0.01702312120555751
-0.015350572378782342,0.03779945845107467
0.04740836724327048,0.013815919989034751
-0.021387528895999892,-0.05718593788125883
0.01993684645207653,0.008438163911844189
0.01842278380671538,0.049938617760381616
-0.05503156669959211,-0.0008985658359353836
0.009888290000047342,-0.04870869943722811
0.04893483357767714,-0.009204877268039079
-0.02138752889599989,-0.057185937881258836
-0.04303866182207391,0.03799797934835
-0.000839600178288207,-0.007395971511796181
0.03890534594979377,-0.03836431396242937
0.018422783806715377,0.04993861776038162
-0.04592132327877185,0.008125507335136263
-0.010863989066745799,0.014012307347553467
0.019936846452076527,0.008438163911844187
-0.0008396001782882085,-0.007395971511796185
0.02636030655907762,-0.0824265322763678
-0.0008396001782882215,-0.007395971511796186
0.019936846452076527,0.008438163911844187
-0.010863989066745794,0.014012307347553472
-0.04592132327877186,0.008125507335136254
0.018422783806715377,0.04993861776038162
0.03890534594979377,-0.03836431396242936
-0.0008396001782882191,-0.007395971511796181
-0.04303866182207395,0.03799797934834998
-0.02138752889599989,-0.05718593788125883
0.04893483357767714,-0.009204877268039082
0.00988829000004734,-0.048708699437228116
-0.0550315666995921,-0.0008985658359353844
0.018422783806715384,0.04993861776038162
0.019936846452076527,0.008438163911844189
-0.02138752889599989,-0.05718593788125883
0.04740836724327048,0.01381591998903475
-0.01535057237878234,0.03779945845107467
0.042667339516791664,0.017023121205557507
0.009888290000047338,-0.04870869943722811
-0.04592132327877185,0.008125507335136261
-0.010863989066745792,0.014012307347553469
0.04893483357767714,-0.009204877268039084
-0.015350572378782342,0.03779945845107468
-0.03154493095571723,-0.018507968943396742
0.004862454134756009,0.00022145063729222503
-0.0004621549101512884,0.005975391293106708
0.014264319266171452,-0.0012196141664012204
-0.024880258800382093,-0.029991054584955726
-0.04806094689587944,0.016497834934943778
0.023334413685386312,0.052986592554236586
0.04991752756919358,-0.01889586161194896
-0.0004621549101512903,0.00597539129310671
-0.009845901909908817,-0.0006697588223014259
0.0037655124642413996,0.02010998541553246
0.03442256701643505,-0.0313434198760482
-0.021740929894042554,-0.05382641048564831
-0.05701895755038687,0.02888453527552277
0.02333441368538631,0.05298659255423657
0.014264319266171449,-0.00121961416640122
0.003765512464241401,0.020109985415532463
-0.019559908919889943,-0.028145249455488103
0.02075693526923998,0.031477712277419814
0.05330973185475847,-0.012416914932956652
-0.021740929894042582,-0.05382641048564832
-0.04806094689587941,0.016497834934943775
-0.0248802588003821,-0.029991054584955726
0.03442256701643504,-0.0313434198760482
0.020756935269239978,0.031477712277419814
0.0207397173019948,0.024309330695526203
0.020756935269239975,0.03147771227741983
0.034422567016435035,-0.0313434198760482
-0.02488025880038209,-0.029991054584955726
-0.048060946895879426,0.016497834934943775
-0.021740929894042568,-0.053826410485648304
0.05330973185475847,-0.012416914932956652
0.02075693526923999,0.03147771227741982
-0.019559908919889925,-0.028145249455488096
0.0037655124642413974,0.020109985415532466
0.01426431926617145,-0.0012196141664012176
0.023334413685386315,0.05298659255423657
-0.05701895755038688,0.02888453527552277
-0.02174092989404257,-0.05382641048564833
0.03442256701643504,-0.03134341987604819
0.003765512464241399,0.020109985415532463
-0.00984590190990882,-0.0006697588223014298
-0.0004621549101512941,0.005975391293106713
0.04991752756919357,-0.018895861611948967
0.02333441368538631,0.05298659255423657
-0.04806094689587942,0.01649783493494378
-0.024880258800382086,-0.029991054584955726
0.014264319266171454,-0.001219614166401217
-0.0004621549101512922,0.005975391293106716
0.004862454134756014,0.0002214506372922205
-0.0005595427118690775,0.005605056407281648
0.006752374353719181,0.0012342114104316793
0.020097186997109055,-0.011316412161463918
0.03455233634983256,0.01979226871365645
-0.03871559725097719,0.041913801556145346
-0.05550068203315974,-0.0331355489667525
0.026698300085186696,-0.053451974815314815
0.006752374353719184,0.0012342114104316798
0.001768284917982752,-0.011079016622906937
-0.013129547217932216,-0.027857927880988953
0.027238527005060607,-0.039376553383709906
0.04423558301855286,0.047593762547184955
-0.041173485059803124,0.05844548308773826
-0.05550068203315975,-0.033135548966752505
0.020097186997109058,-0.011316412161463917
-0.013129547217932216,-0.02785792788098895
-0.02114748570847672,-0.02956017087681864
-0.022266428954738016,-0.02928082270398813
0.053727825654599125,-0.026909724731429198
0.04423558301855285,0.047593762547184976
-0.038715597250977174,0.04191380155614535
0.03455233634983257,0.019792268713656448
0.027238527005060614,-0.03937655338370992
-0.02226642895473802,-0.02928082270398813
0.020044800911697254,0.027477670701773364
-0.022266428954738012,-0.029280822703988144
0.027238527005060603,-0.03937655338370992
0.03455233634983256,0.019792268713656455
-0.03871559725097719,0.04191380155614535
0.04423558301855285,0.04759376254718497
0.053727825654599125,-0.0269097247314292
-0.022266428954738002,-0.02928082270398814
-0.021147485708476715,-0.029560170876818642
-0.01312954721793221,-0.027857927880988943
0.020097186997109082,-0.011316412161463917
-0.055500682033159734,-0.03313554896675252
-0.04117348505980313,0.058445483087738254
0.04423558301855286,0.04759376254718496
0.027238527005060603,-0.039376553383709906
-0.013129547217932218,-0.02785792788098895
0.0017682849179827549,-0.01107901662290693
0.0067523743537191835,0.001234211410431683
0.026698300085186696,-0.05345197481531482
-0.05550068203315975,-0.03313554896675249
-0.03871559725097718,0.04191380155614534
0.034552336349832555,0.01979226871365645
0.020097186997109075,-0.011316412161463915
0.006752374353719178,0.0012342114104316856
-0.0005595427118690832,0.005605056407281649
-0.022386888647993916,-0.04801086627288609
0.05763273860042659,-0.015484793538100755
-0.005132734569529392,0.03179305866726444
-0.062434957593305696,-0.04141318258424478
0.004768936016473241,0.06055403088175519
0.07053347440479385,-0.005503522013688173
-0.01835852203041493,-0.0628488999083921
0.05763273860042658,-0.015484793538100769
0.010742496229800638,0.07116516462134624
-0.03357336874394594,-0.007524438052687465
0.06157088963249226,-0.06292274895299615
-0.06810723701975072,-0.008815474519010462
-0.009657859145820931,0.07753857843424722
0.07053347440479384,-0.005503522013688179
-0.005132734569529389,0.03179305866726443
-0.03357336874394593,-0.007524438052687461
0.06829632405169149,-0.053900129556714395
0.05278192011365654,0.05561481905263246
0.0014543686294463253,-0.06264290957716101
-0.06810723701975074,-0.008815474519010463
0.004768936016473241,0.060554030881755226
-0.062434957593305696,-0.04141318258424478
0.06157088963249226,-0.06292274895299615
0.05278192011365655,0.055614819052632464
-0.12270671562385345,0.017897468111149072
0.052781920113656546,0.05561481905263246
0.06157088963249226,-0.06292274895299615
-0.062434957593305696,-0.04141318258424478
0.004768936016473245,0.060554030881755185
-0.06810723701975073,-0.008815474519010453
0.0014543686294463262,-0.06264290957716102
0.052781920113656546,0.05561481905263246
0.06829632405169142,-0.0539001295567144
-0.03357336874394592,-0.007524438052687454
-0.005132734569529385,0.03179305866726445
0.07053347440479384,-0.005503522013688176
-0.009657859145820935,0.07753857843424722
-0.06810723701975074,-0.00881547451901047
0.061570889632492264,-0.06292274895299614
-0.03357336874394593,-0.0075244380526874564
0.010742496229800634,0.07116516462134624
0.057632738600426565,-0.015484793538100766
-0.01835852203041493,-0.0628488999083921
0.07053347440479386,-0.005503522013688176
0.004768936016473238,0.060554030881755226
-0.06243495759330567,-0.04141318258424478
-0.0051327345695293845,0.03179305866726445
0.057632738600426586,-0.015484793538100755
-0.02238688864799392,-0.04801086627288608
0.0015257612582639816,-0.0023229008980523162
-0.0021091578753994864,-0.00347747820147753
0.007120410064873043,-0.017771407451304237
0.046696486425338496,-0.0004567541099975069
0.018617366127702293,0.06550876123580963
-0.05843595497747568,0.04911244990021966
-0.06068694940679543,-0.03632534359217883
-0.002109157875399486,-0.003477478201477527
-0.008441344186932234,0.0026264211831954674
-0.018941857375814494,-0.016672440743739202
0.01843684481386774,-0.05291457197826665
0.07734606012097499,0.004185958434186386
0.030183482679319674,0.07846315646218217
-0.05843595497747568,0.04911244990021966
0.007120410064873037,-0.01777140745130424
-0.01894185737581449,-0.016672440743739202
0.002245102849700167,-0.01850264735662354
-0.029977357611351105,-0.03959291043048896
0.03627638534558798,-0.06319695904273777
0.07734606012097504,0.004185958434186382
0.018617366127702276,0.06550876123580968
0.046696486425338496,-0.0004567541099975094
0.01843684481386773,-0.052914571978266635
-0.029977357611351098,-0.03959291043048896
-0.011334866703744022,-0.018476422648700266
-0.0299773576113511,-0.03959291043048896
0.018436844813867724,-0.052914571978266635
0.0466964864253385,-0.00045675410999750717
0.018617366127702283,0.06550876123580965
0.077346060120975,0.004185958434186384
0.03627638534558798,-0.06319695904273777
-0.02997735761135111,-0.03959291043048896
0.0022451028497001836,-0.018502647356623568
-0.018941857375814504,-0.01667244074373925
0.0071204100648730355,-0.01777140745130423
-0.05843595497747567,0.049112449900219665
0.03018348267931967,0.07846315646218216
0.07734606012097502,0.004185958434186385
0.018436844813867734,-0.05291457197826666
-0.018941857375814504,-0.01667244074373926
-0.008441344186932254,0.0026264211831954665
-0.0021091578753994924,-0.00347747820147753
-0.06068694940679543,-0.03632534359217883
-0.05843595497747568,0.04911244990021965
0.018617366127702283,0.06550876123580965
0.046696486425338496,-0.0004567541099975066
0.007120410064873036,-0.01777140745130423
-0.0021091578753994907,-0.0034774782014775326
0.0015257612582639793,-0.0023229008980523123
