-5.977979945108275e-07
-0.0006997444300454123
2.4519466668885027e-05
0.00032841387506282163
-0.0001251829748608387
-0.00010293208484094666
0.00034701537269856656
3.28339778341882e-05
-0.0006432808494991186
4.709879955596381e-05
0.17418075780373193
0.17215032738503894
0.1732998562380627
0.1744992484935922
0.1736524052498916
0.17364159466833645
0.17449758359596634
0.17331312748469044
0.17215181789251843
0.1741743034195675
0.19895931001766584
0.19695661443437973
0.1975571401131938
0.19937773287540594
0.19808400713061028
0.19808240309412456
0.1993647062341207
0.19755291923749554
0.19696402425571052
0.19895796034117239
0.24535090954220914
0.24266180177345872
0.24284353030426775
0.2450768653065196
0.2428901056704085
0.2428900338232555
0.24506762626131817
0.24283990354267854
0.24266065704098844
0.24535194587713613
0.22310607294306564
0.2203294083757
0.22013285583484
0.22179223132773004
0.22064872629597357
0.2206657610579196
0.22178972707072256
0.2201319484254404
0.22032132161763288
0.22310965373662817
0.0006327383556263428
-0.0013438415617790772
-0.0017764638418044404
0.000332395272949641
-0.0007795505232977829
-0.0007709633876124633
0.0003224966046770769
-0.0017826998590049147
-0.0013536037216331119
0.0006381842241389715
0.00014386475699561566
-0.0017421297574068213
-0.0013360036501091563
3.966180944005204e-05
-0.000275775416674718
-0.0002532396418196237
4.3344112368408615e-05
-0.001349149073156435
-0.001743733029809519
0.0001476374441431081
0.00044682184349878414
-0.0008677057229663156
-0.00034713920851514303
-0.0006903576041892583
0.0001548864120064925
0.0001896721155810404
-0.0006822412527981625
-0.0003508049295775789
-0.0008812017362214375
0.00045093751202635794
-0.0007933647929677873
0.0006150598980170412
-0.0003041401176936553
-0.000927468096909892
0.0001443403743318102
0.00017254373627543653
-0.0009204767294529954
-0.00030060722001499065
0.0006061274831848372
-0.0007831053839460091
-0.0003318860971934489
0.0005681081884737946
-0.00013122279852358093
0.00018101035580651078
0.00030485361076585884
0.00031498220405415704
0.00018160289694784155
-0.00013244555616213162
0.0005671130850409756
-0.00033043973651104873
