0.0
0.0
0.0
0.0
0.0
0.0
0.0
0.0
0.0
0.0
0.17355371900826455
0.17355371900826455
0.17355371900826455
0.17355371900826455
0.17355371900826455
0.17355371900826455
0.17355371900826455
0.17355371900826455
0.17355371900826455
0.17355371900826455
0.19803965248384958
0.19803965248384958
0.19803965248384958
0.19803965248384958
0.19803965248384958
0.19803965248384958
0.19803965248384958
0.19803965248384958
0.19803965248384958
0.19803965248384958
0.2438563327032136
0.2438563327032136
0.2438563327032136
0.2438563327032136
0.2438563327032136
0.2438563327032136
0.2438563327032136
0.2438563327032136
0.2438563327032136
0.2438563327032136
0.22145328719723167
0.22145328719723167
0.22145328719723167
0.22145328719723167
0.22145328719723167
0.22145328719723167
0.22145328719723167
0.22145328719723167
0.22145328719723167
0.22145328719723167
0.0
0.0
0.0
0.0
0.0
0.0
0.0
0.0
0.0
0.0
0.0
0.0
0.0
0.0
0.0
0.0
0.0
0.0
0.0
0.0
0.0
0.0
0.0
0.0
0.0
0.0
0.0
0.0
0.0
0.0
0.0
0.0
0.0
0.0
0.0
0.0
0.0
0.0
0.0
0.0
0.0
0.0
0.0
0.0
0.0
0.0
0.0
0.0
0.0
0.0
