-0.0019045542845770637,-0.0016754287999580543
0.0024530779272760404,-5.6327150038150095e-05
0.0028207689218185594,0.009402778183176365
0.014744796174659786,-0.013159833573364123
-0.017999860219732104,-0.025942281725398444
-0.03307530291981571,0.020080167653057198
0.017075055375272433,0.03211072816975621
0.0024530779272760404,-5.632715003814836e-05
0.0011269418795853674,0.00046965841735218793
-0.00653480705352913,0.002192911771278036
0.010320827548154502,0.016297522023186767
0.02884266571289178,-0.019275096561552112
-0.023691686335035274,-0.03493080849464203
-0.033075302919815704,0.020080167653057205
0.002820768921818559,0.009402778183176367
-0.00653480705352913,0.002192911771278037
0.0003675209832203139,-0.009390156483422951
-0.005801196830952583,0.001474686028642806
0.010072928364939001,0.02295173637926747
0.028842665712891784,-0.01927509656155211
-0.0179998602197321,-0.02594228172539844
0.014744796174659786,-0.01315983357336412
0.010320827548154502,0.016297522023186767
-0.005801196830952581,0.0014746860286428023
0.0042818683518869,-0.0012295411902224524
-0.005801196830952585,0.0014746860286428015
0.010320827548154492,0.016297522023186767
0.014744796174659784,-0.013159833573364131
-0.017999860219732104,-0.025942281725398444
0.02884266571289178,-0.019275096561552112
0.010072928364939001,0.02295173637926747
-0.005801196830952588,0.001474686028642805
0.000367520983220316,-0.009390156483422948
-0.006534807053529136,0.0021929117712780393
0.0028207689218185585,0.00940277818317637
-0.03307530291981571,0.020080167653057198
-0.023691686335035274,-0.03493080849464203
0.028842665712891784,-0.019275096561552105
0.010320827548154492,0.016297522023186767
-0.006534807053529136,0.00219291177127804
0.001126941879585367,0.0004696584173521875
0.00245307792727604,-5.632715003814825e-05
0.017075055375272433,0.03211072816975621
-0.033075302919815704,0.020080167653057205
-0.0179998602197321,-0.02594228172539844
0.014744796174659784,-0.013159833573364128
0.0028207689218185585,0.00940277818317637
0.0024530779272760386,-5.632715003814955e-05
-0.0019045542845770626,-0.001675428799958054
-0.01598491859913783,-0.016600503864495537
-0.013950293617632973,0.018726901485611337
0.02254519044350188,0.006530925556906427
-0.01568686880644513,-0.0051082447233322835
-0.023465380032293415,-0.02552883913649695
0.03324263124884764,-0.028126310717154542
0.03395784477129866,0.03414811692146525
-0.013950293617632973,0.018726901485611337
0.01692757963851319,0.011300448005228373
0.010969558719404119,-0.029569989132305824
-0.0056467834289697155,0.00863132521617552
-0.019786070763516482,0.01612431064769492
-0.02112873670722885,-0.03159713659629082
0.03324263124884763,-0.028126310717154566
0.022545190443501874,0.006530925556906426
0.010969558719404119,-0.02956998913230583
-0.024072410476927084,0.007175818296981479
0.013198734173338804,0.0029608399551823822
0.01765901542018979,0.004226790114769511
-0.019786070763516485,0.016124310647694925
-0.023465380032293388,-0.02552883913649695
-0.01568686880644513,-0.005108244723332286
-0.005646783428969713,0.008631325216175524
0.01319873417333881,0.0029608399551823775
0.028369155259473422,-0.004875858040944288
0.0131987341733388,0.002960839955182379
-0.005646783428969723,0.00863132521617552
-0.01568686880644513,-0.005108244723332284
-0.023465380032293415,-0.02552883913649695
-0.019786070763516485,0.01612431064769492
0.017659015420189793,0.0042267901147695075
0.013198734173338805,0.002960839955182382
-0.024072410476927087,0.007175818296981475
0.010969558719404117,-0.02956998913230583
0.022545190443501874,0.0065309255569064245
0.03324263124884764,-0.028126310717154542
-0.02112873670722885,-0.03159713659629082
-0.019786070763516482,0.016124310647694925
-0.005646783428969716,0.008631325216175524
0.01096955871940412,-0.02956998913230583
0.016927579638513192,0.011300448005228374
-0.013950293617632968,0.018726901485611333
0.03395784477129866,0.03414811692146525
0.03324263124884763,-0.028126310717154573
-0.0234653800322934,-0.02552883913649695
-0.015686868806445136,-0.005108244723332286
0.022545190443501877,0.0065309255569064245
-0.013950293617632968,0.018726901485611333
-0.015984918599137834,-0.01660050386449554
0.0026745505237324076,-0.0028334380888043356
-0.005626880401221549,-0.003674898240199723
-0.0016495772030275736,0.0031539673071489254
-0.0017379781861131239,-0.017084955272017283
-0.01653337798026883,-0.020830861103954518
-0.022584093126909996,0.03324013586784991
0.04401229175576025,0.021420365565690276
-0.005626880401221547,-0.003674898240199717
0.005719379881783379,0.000752007041218873
0.0013468306794052012,-0.004570736275503999
0.030507805364753157,0.004549829602824875
0.013259451720201343,-0.01679110674909416
-0.024455079187253648,-0.018055175513264098
-0.02258409312690999,0.0332401358678499
-0.0016495772030275704,0.003153967307148921
0.001346830679405202,-0.004570736275503998
-0.005037721054001201,0.00545405159045214
-0.014061422138833988,0.011021007346476345
0.014786089807058318,0.026898126745769423
0.013259451720201345,-0.016791106749094162
-0.016533377980268833,-0.02083086110395452
-0.0017379781861131239,-0.017084955272017283
0.030507805364753164,0.004549829602824871
-0.014061422138833988,0.011021007346476343
-0.027050561495869842,-0.01666907985726122
-0.014061422138833997,0.011021007346476337
0.03050780536475315,0.004549829602824876
-0.0017379781861131213,-0.017084955272017272
-0.016533377980268837,-0.020830861103954525
0.01325945172020134,-0.016791106749094165
0.014786089807058322,0.026898126745769423
-0.014061422138833995,0.011021007346476343
-0.005037721054001196,0.005454051590452138
0.0013468306794052042,-0.004570736275503999
-0.0016495772030275732,0.0031539673071489215
-0.022584093126909996,0.03324013586784991
-0.024455079187253648,-0.018055175513264098
0.013259451720201345,-0.016791106749094155
0.030507805364753154,0.004549829602824875
0.0013468306794051955,-0.004570736275504
0.00571937988178338,0.0007520070412188744
-0.005626880401221548,-0.003674898240199718
0.04401229175576025,0.021420365565690276
-0.02258409312690999,0.033240135867849914
-0.01653337798026883,-0.020830861103954518
-0.0017379781861131213,-0.017084955272017272
-0.001649577203027574,0.003153967307148923
-0.005626880401221554,-0.0036748982401997215
0.0026745505237324085,-0.0028334380888043343
-0.00495904842548401,0.0026682961894836273
0.0031767169358821487,0.005879431681202406
0.004258153489133908,0.006886333980429708
0.003147365046302617,0.015808103498841986
-0.014875898879102479,0.0009593628812331779
0.005394920072134728,-0.028439233536693784
0.039603456902307106,0.0009132288844340627
0.0031767169358821504,0.005879431681202408
-0.007921268878064717,0.00487298064148556
0.014054819306031203,-0.0038783755433416146
0.01339999522772449,0.009671066732334995
-0.0008901143754452426,0.02790079012753061
-0.02447623926684165,-0.0006212980458273191
0.005394920072134726,-0.028439233536693795
0.004258153489133908,0.006886333980429711
0.014054819306031203,-0.0038783755433416172
-0.03893145519869277,-0.013566248628947933
0.032010966173795154,1.2107199093369311e-05
0.014442617377130573,0.022559639156622197
-0.0008901143754452578,0.027900790127530606
-0.014875898879102484,0.0009593628812331698
0.0031473650463026198,0.015808103498841992
0.013399995227724492,0.009671066732334992
0.03201096617379515,1.2107199093372347e-05
0.0015044445760022994,-0.004557126732385778
0.03201096617379514,1.210719909336673e-05
0.013399995227724485,0.009671066732334995
0.003147365046302613,0.015808103498841986
-0.014875898879102479,0.0009593628812331776
-0.0008901143754452509,0.027900790127530602
0.01444261737713058,0.022559639156622194
0.032010966173795154,1.2107199093380126e-05
-0.03893145519869276,-0.013566248628947931
0.014054819306031202,-0.003878375543341618
0.0042581534891339085,0.006886333980429711
0.00539492007213473,-0.02843923353669379
-0.02447623926684165,-0.0006212980458273169
-0.000890114375445247,0.027900790127530606
0.013399995227724495,0.009671066732334994
0.014054819306031203,-0.00387837554334162
-0.007921268878064715,0.00487298064148556
0.00317671693588215,0.005879431681202414
0.039603456902307106,0.0009132288844340549
0.005394920072134725,-0.02843923353669378
-0.014875898879102477,0.0009593628812331698
0.0031473650463026198,0.015808103498841986
0.004258153489133908,0.006886333980429709
0.0031767169358821474,0.00587943168120241
-0.00495904842548401,0.0026682961894836264
0.022642998261294598,-0.024621906093415396
0.016662648353101817,0.03488679936224629
-0.004341074902405475,-0.003874463765036045
0.01222490305667118,-0.039175929798594245
-0.012228453832707657,0.018904153512766544
0.016929138681778515,0.015350375134291633
0.019867661338178834,-0.01651657460234821
0.016662648353101817,0.03488679936224629
-0.07559442442757394,0.0232729464567872
0.013242823270209458,-0.033106117651974847
0.02832179921345304,0.024050778357055946
-0.0033864351093329977,-0.02740343715858678
-0.028062227910238702,0.022913117092960775
0.016929138681778515,0.015350375134291636
-0.004341074902405477,-0.003874463765036047
0.013242823270209472,-0.03310611765197485
0.04613976074791873,0.004085265302443623
0.004617185513725506,0.018741623451558977
0.00428700583570876,-0.02403944856754945
-0.003386435109333007,-0.027403437158586775
-0.012228453832707658,0.01890415351276654
0.012224903056671186,-0.039175929798594245
0.02832179921345304,0.02405077835705595
0.00461718551372552,0.01874162345155897
0.07896749841167428,0.08588173435700909
0.0046171855137255,0.018741623451558973
0.02832179921345306,0.024050778357055953
0.01222490305667118,-0.03917592979859426
-0.012228453832707658,0.018904153512766544
-0.003386435109333002,-0.027403437158586785
0.00428700583570876,-0.024039448567549446
0.004617185513725495,0.01874162345155897
0.046139760747918736,0.004085265302443625
0.013242823270209465,-0.03310611765197485
-0.004341074902405463,-0.003874463765036051
0.016929138681778515,0.015350375134291633
-0.02806222791023871,0.022913117092960775
-0.003386435109333007,-0.02740343715858679
0.028321799213453052,0.024050778357055953
0.013242823270209467,-0.03310611765197485
-0.07559442442757394,0.02327294645678721
0.01666264835310182,0.0348867993622463
0.01986766133817884,-0.01651657460234821
0.016929138681778512,0.01535037513429163
-0.012228453832707658,0.01890415351276655
0.012224903056671184,-0.03917592979859426
-0.004341074902405468,-0.0038744637650360483
0.016662648353101814,0.0348867993622463
0.02264299826129461,-0.02462190609341539
-0.007772143314890485,0.0013161767098192547
0.002908249299056802,0.012561796530569757
0.00630451970539162,0.0004274552327450244
-0.006636297635689436,0.005184648522127949
-0.018016136491830797,0.03111778322066714
-0.03381122387185837,-0.0014447818417247418
-0.008403143379750594,-0.02147328699348721
0.0029082492990568,0.012561796530569767
0.0477817781266881,0.05322435394356263
0.034757412869058577,-0.10612642049214124
0.022037918320795886,0.004527218718003682
-0.003952990498987665,0.031999289032578544
-0.03626668975147031,0.03013177284471811
-0.033811223871858365,-0.0014447818417247455
0.006304519705391627,0.00042745523274501747
0.03475741286905856,-0.10612642049214126
-0.01534420412109037,0.021600009843024348
0.06000512490226342,0.03894862853794426
0.04890653589480755,0.05070244594973447
-0.0039529904989876585,0.03199928903257854
-0.018016136491830793,0.03111778322066714
-0.006636297635689444,0.0051846485221279486
0.022037918320795893,0.0045272187180036855
0.060005124902263444,0.03894862853794426
-0.006568115076429249,-0.10181915722824003
0.060005124902263444,0.038948628537944265
0.0220379183207959,0.004527218718003679
-0.006636297635689443,0.00518464852212794
-0.0180161364918308,0.031117783220667137
-0.003952990498987652,0.03199928903257854
0.048906535894807535,0.050702445949734484
0.060005124902263424,0.03894862853794426
-0.01534420412109037,0.021600009843024345
0.03475741286905859,-0.10612642049214127
0.00630451970539162,0.00042745523274501963
-0.033811223871858385,-0.0014447818417247414
-0.036266689751470314,0.03013177284471811
-0.003952990498987667,0.031999289032578544
0.022037918320795883,0.004527218718003687
0.03475741286905859,-0.10612642049214127
0.047781778126688094,0.05322435394356263
0.0029082492990568005,0.012561796530569762
-0.00840314337975059,-0.021473286993487203
-0.03381122387185837,-0.0014447818417247385
-0.018016136491830793,0.031117783220667137
-0.00663629763568944,0.0051846485221279486
0.006304519705391627,0.00042745523274501963
0.002908249299056805,0.012561796530569758
-0.007772143314890486,0.0013161767098192568
0.0,0.0
0.0,0.0
0.0,0.0
0.0,0.0
0.0,0.0
0.0,0.0
