-0.0001756258008100097
-3.7291309520301316e-05
-5.843558715007478e-05
-1.4125151865265295e-06
8.639663004484638e-05
7.916683211574386e-05
4.864677250719575e-06
-5.880855787432368e-05
-3.655168106182985e-05
-0.00017875679704079637
0.17358868640709144
0.17346086502730831
0.1735203808493175
0.17347436081956716
0.17353363735270366
0.17352822421669098
0.17347368288078063
0.1735179993249116
0.17346281090250693
0.17359514745032714
0.19807767992359074
0.19800184535925636
0.19811888237747016
0.19771879772239634
0.19823698711189894
0.1982366302861271
0.19771662453027672
0.19811867825530152
0.19800885867512313
0.19808196604753192
0.24401779359808282
0.2439381052270778
0.24371315321060583
0.243431344136751
0.2440342299355876
0.24403368941309136
0.24342894570718535
0.24371997582435295
0.24393867831786892
0.24402131507283967
0.22147912390938654
0.22153734224764374
0.2211821186047426
0.22128921966563223
0.22187617781685776
0.22187875898516682
0.22129192863375213
0.22119292551529818
0.22153885792314998
0.2214798581739403
-0.0001203925657641404
7.966419240141829e-05
7.983857823513178e-05
-0.0003396481680442448
0.0003680038999059801
0.00037615725011226294
-0.00033288274510279755
8.989403072819378e-05
8.504079911257745e-05
-0.00011017535641822877
0.00023517356695481
6.858998468833268e-05
-5.5690609877900085e-05
-4.550613834448106e-05
0.000321053876985156
0.00031612097283116266
-3.32421645311649e-05
-4.425988250915722e-05
7.374859716038089e-05
0.000247634261433244
0.00030413988915827526
0.00012498767049144873
7.046921211752449e-05
0.0002871077569554598
-0.00016681174218568232
-0.00016808969778746055
0.0002932342709092166
8.390520670724312e-05
0.0001381386245450421
0.0003192680928473077
0.00030447984248198584
-0.00042573123612273876
0.00030820283351943114
8.88499764405587e-05
-0.00020218518184564853
-0.00021722901619335416
9.862390379764523e-05
0.0003171554436228347
-0.00042606649428871034
0.00032672279730566907
0.0004129079312644706
-0.0006796608138979931
-0.00041259138987132866
8.83777776519925e-05
-9.522763898581752e-05
-0.00011186713613672185
9.750064472355201e-05
-0.00039614828317723045
-0.0007015096559250637
0.0004227886012271259
