1.069069284946342e-05
-0.0006834979421438452
1.6249717674287294e-05
0.00034022770578135173
-0.0001101539110384151
-9.137213994964565e-05
0.00035387364636096404
2.082859392550983e-05
-0.0006524831476989225
3.3475970318121317e-05
0.17418835121391946
0.17215386284221848
0.17329818432080096
0.1745158870324605
0.17366263248175365
0.1736527225793904
0.1745089168835661
0.173312139527307
0.17216176402032915
0.17418988180681388
0.19896988484393593
0.19698020621978377
0.19756146935434213
0.19938368896016728
0.19809715747224835
0.19809622388478335
0.1993741772221612
0.1975595482229214
0.196982049688511
0.19896523269114375
0.2453318567072117
0.24267775521241644
0.24285452185075626
0.24507603744792383
0.242901283574067
0.2429002564257678
0.24506841037215638
0.24285176554439464
0.2426759516151839
0.24533029837337003
0.22308474609064427
0.22035394683674406
0.22019697674510605
0.2218002213797489
0.22066835144316876
0.22068461312923587
0.22179538346536204
0.2201984208340195
0.22034650286249718
0.22308955645439602
0.0006117406153104396
-0.001323187420635196
-0.0017237268378137724
0.00036213994986065566
-0.000760185831847512
-0.0007488182138906954
0.00035393252690494854
-0.001732553142451074
-0.0013312476667954307
0.0006194371374637023
0.0001072895009103999
-0.0016858337782534754
-0.0012973418626446573
9.357929047908128e-05
-0.0002582900863853534
-0.00023748425497653583
0.00010029665153666337
-0.0013094852268940179
-0.0016886789936722772
0.00010908358247084692
0.0004359630311421897
-0.0008259408352312784
-0.0003265467397061343
-0.000628106540385039
0.00019807473176359627
0.00022961602802241957
-0.0006183862060905972
-0.00033004165730860516
-0.0008390050284999403
0.0004418502921997331
-0.0007972646570798321
0.0006381859763235534
-0.0002856483827412538
-0.000885430080688863
0.00019310314287110145
0.0002198625166504079
-0.0008752118820185057
-0.00028091630775107243
0.0006303828118800594
-0.0007872915628906166
-0.00032791525075846864
0.0005781728503748924
-0.00011159584645744529
0.0002083787474885164
0.00034651351249500553
0.0003563769690327005
0.00021071816199370115
-0.00011100970355384034
0.0005775175899607576
-0.00032612408089915956
