# Total power, Object temperature, Ambient temperature, Idle power, Idle object, Idle ambient
# Iteration {iter}
# 
7.305916701895832643e-01 4.114999999999999858e+01 2.682999999999999829e+01 6.163692553784998474e-01 4.089000000000000057e+01 2.687000000000000099e+01
7.283961452705146611e-01 4.128999999999999915e+01 2.682999999999999829e+01 6.163692553784998474e-01 4.089000000000000057e+01 2.687000000000000099e+01
7.218261979092487346e-01 4.121000000000000085e+01 2.685000000000000142e+01 6.163692553784998474e-01 4.089000000000000057e+01 2.687000000000000099e+01
7.318040458090075973e-01 4.136999999999999744e+01 2.687000000000000099e+01 6.163692553784998474e-01 4.089000000000000057e+01 2.687000000000000099e+01
7.272588670654994703e-01 4.139000000000000057e+01 2.682999999999999829e+01 6.163692553784998474e-01 4.089000000000000057e+01 2.687000000000000099e+01
7.250147383508732668e-01 4.142999999999999972e+01 2.682999999999999829e+01 6.163692553784998474e-01 4.089000000000000057e+01 2.687000000000000099e+01
7.408716864651329059e-01 4.146999999999999886e+01 2.685000000000000142e+01 6.163692553784998474e-01 4.089000000000000057e+01 2.687000000000000099e+01
7.278071629697087097e-01 4.153000000000000114e+01 2.680999999999999872e+01 6.163692553784998474e-01 4.089000000000000057e+01 2.687000000000000099e+01
7.370852495816765382e-01 4.149000000000000199e+01 2.685000000000000142e+01 6.163692553784998474e-01 4.089000000000000057e+01 2.687000000000000099e+01
7.208557471723132659e-01 4.159000000000000341e+01 2.682999999999999829e+01 6.163692553784998474e-01 4.089000000000000057e+01 2.687000000000000099e+01
7.322852347123549599e-01 4.159000000000000341e+01 2.680999999999999872e+01 6.163692553784998474e-01 4.089000000000000057e+01 2.687000000000000099e+01
7.267809132413904916e-01 4.172999999999999687e+01 2.682999999999999829e+01 6.163692553784998474e-01 4.089000000000000057e+01 2.687000000000000099e+01
7.377856149651423889e-01 4.171000000000000085e+01 2.682999999999999829e+01 6.163692553784998474e-01 4.089000000000000057e+01 2.687000000000000099e+01
7.281301242692691522e-01 4.159000000000000341e+01 2.685000000000000142e+01 6.163692553784998474e-01 4.089000000000000057e+01 2.687000000000000099e+01
7.338130796561073144e-01 4.157000000000000028e+01 2.680999999999999872e+01 6.163692553784998474e-01 4.089000000000000057e+01 2.687000000000000099e+01
7.347057289041629691e-01 4.177000000000000313e+01 2.682999999999999829e+01 6.163692553784998474e-01 4.089000000000000057e+01 2.687000000000000099e+01
7.244255154344476644e-01 4.171000000000000085e+01 2.678999999999999915e+01 6.163692553784998474e-01 4.089000000000000057e+01 2.687000000000000099e+01
7.338718994804005469e-01 4.181000000000000227e+01 2.678999999999999915e+01 6.163692553784998474e-01 4.089000000000000057e+01 2.687000000000000099e+01
7.268502832774420552e-01 4.171000000000000085e+01 2.678999999999999915e+01 6.163692553784998474e-01 4.089000000000000057e+01 2.687000000000000099e+01
7.402939370586825163e-01 4.172999999999999687e+01 2.678999999999999915e+01 6.163692553784998474e-01 4.089000000000000057e+01 2.687000000000000099e+01
7.288511282846275030e-01 4.171000000000000085e+01 2.680999999999999872e+01 6.163692553784998474e-01 4.089000000000000057e+01 2.687000000000000099e+01
7.429990452783444832e-01 4.181000000000000227e+01 2.678999999999999915e+01 6.163692553784998474e-01 4.089000000000000057e+01 2.687000000000000099e+01
7.328669015016952004e-01 4.203000000000000114e+01 2.682999999999999829e+01 6.163692553784998474e-01 4.089000000000000057e+01 2.687000000000000099e+01
7.256365566176413706e-01 4.185000000000000142e+01 2.680999999999999872e+01 6.163692553784998474e-01 4.089000000000000057e+01 2.687000000000000099e+01
7.374874838971908764e-01 4.177000000000000313e+01 2.678999999999999915e+01 6.163692553784998474e-01 4.089000000000000057e+01 2.687000000000000099e+01
7.242535808362869920e-01 4.190999999999999659e+01 2.676999999999999957e+01 6.163692553784998474e-01 4.089000000000000057e+01 2.687000000000000099e+01
7.290516649070436506e-01 4.182999999999999829e+01 2.680999999999999872e+01 6.163692553784998474e-01 4.089000000000000057e+01 2.687000000000000099e+01
7.243911071585765749e-01 4.185000000000000142e+01 2.682999999999999829e+01 6.163692553784998474e-01 4.089000000000000057e+01 2.687000000000000099e+01
7.321301403598746704e-01 4.171000000000000085e+01 2.680999999999999872e+01 6.163692553784998474e-01 4.089000000000000057e+01 2.687000000000000099e+01
7.342314204049475990e-01 4.177000000000000313e+01 2.680999999999999872e+01 6.163692553784998474e-01 4.089000000000000057e+01 2.687000000000000099e+01
7.316031553510382590e-01 4.172999999999999687e+01 2.680999999999999872e+01 6.163692553784998474e-01 4.089000000000000057e+01 2.687000000000000099e+01
7.284111900165538556e-01 4.181000000000000227e+01 2.676999999999999957e+01 6.163692553784998474e-01 4.089000000000000057e+01 2.687000000000000099e+01
7.332414510113668404e-01 4.185000000000000142e+01 2.678999999999999915e+01 6.163692553784998474e-01 4.089000000000000057e+01 2.687000000000000099e+01
7.329856122720074252e-01 4.182999999999999829e+01 2.682999999999999829e+01 6.163692553784998474e-01 4.089000000000000057e+01 2.687000000000000099e+01
7.301754328282117346e-01 4.185000000000000142e+01 2.680999999999999872e+01 6.163692553784998474e-01 4.089000000000000057e+01 2.687000000000000099e+01
8.090015824989685855e-01 4.177000000000000313e+01 2.682999999999999829e+01 6.163692553784998474e-01 4.089000000000000057e+01 2.687000000000000099e+01
7.300989023911228504e-01 4.185000000000000142e+01 2.678999999999999915e+01 6.163692553784998474e-01 4.089000000000000057e+01 2.687000000000000099e+01
7.319644871367790850e-01 4.190999999999999659e+01 2.682999999999999829e+01 6.163692553784998474e-01 4.089000000000000057e+01 2.687000000000000099e+01
7.232129585328480603e-01 4.213000000000000256e+01 2.682999999999999829e+01 6.163692553784998474e-01 4.089000000000000057e+01 2.687000000000000099e+01
7.354833803884048837e-01 4.177000000000000313e+01 2.682999999999999829e+01 6.163692553784998474e-01 4.089000000000000057e+01 2.687000000000000099e+01
7.338851621945907677e-01 4.182999999999999829e+01 2.680999999999999872e+01 6.163692553784998474e-01 4.089000000000000057e+01 2.687000000000000099e+01
7.323709545432093293e-01 4.182999999999999829e+01 2.680999999999999872e+01 6.163692553784998474e-01 4.089000000000000057e+01 2.687000000000000099e+01
6.184690612594925252e-01 4.192999999999999972e+01 2.680999999999999872e+01 6.163692553784998474e-01 4.089000000000000057e+01 2.687000000000000099e+01
7.237543550291455352e-01 4.171000000000000085e+01 2.682999999999999829e+01 6.188934435113137011e-01 4.153000000000000114e+01 2.680999999999999872e+01
7.278547725789563660e-01 4.185000000000000142e+01 2.680999999999999872e+01 6.188934435113137011e-01 4.153000000000000114e+01 2.680999999999999872e+01
7.232214769812740363e-01 4.185000000000000142e+01 2.682999999999999829e+01 6.188934435113137011e-01 4.153000000000000114e+01 2.680999999999999872e+01
7.396794470342094030e-01 4.172999999999999687e+01 2.682999999999999829e+01 6.188934435113137011e-01 4.153000000000000114e+01 2.680999999999999872e+01
7.235309340899385155e-01 4.186999999999999744e+01 2.685000000000000142e+01 6.188934435113137011e-01 4.153000000000000114e+01 2.680999999999999872e+01
7.267253456969823278e-01 4.185000000000000142e+01 2.680999999999999872e+01 6.188934435113137011e-01 4.153000000000000114e+01 2.680999999999999872e+01
7.494807051859476710e-01 4.195000000000000284e+01 2.685000000000000142e+01 6.188934435113137011e-01 4.153000000000000114e+01 2.680999999999999872e+01
7.283413825163598254e-01 4.209000000000000341e+01 2.680999999999999872e+01 6.188934435113137011e-01 4.153000000000000114e+01 2.680999999999999872e+01
9.738197767255220016e-01 4.196999999999999886e+01 2.682999999999999829e+01 6.188934435113137011e-01 4.153000000000000114e+01 2.680999999999999872e+01
7.263552016857303117e-01 4.167000000000000171e+01 2.678999999999999915e+01 6.188934435113137011e-01 4.153000000000000114e+01 2.680999999999999872e+01
7.433725556245938115e-01 4.185000000000000142e+01 2.680999999999999872e+01 6.188934435113137011e-01 4.153000000000000114e+01 2.680999999999999872e+01
7.327658203083694533e-01 4.190999999999999659e+01 2.680999999999999872e+01 6.188934435113137011e-01 4.153000000000000114e+01 2.680999999999999872e+01
7.330374367912445566e-01 4.203000000000000114e+01 2.682999999999999829e+01 6.188934435113137011e-01 4.153000000000000114e+01 2.680999999999999872e+01
7.277413395614629188e-01 4.192999999999999972e+01 2.676999999999999957e+01 6.188934435113137011e-01 4.153000000000000114e+01 2.680999999999999872e+01
7.768124215872638239e-01 4.214999999999999858e+01 2.682999999999999829e+01 6.188934435113137011e-01 4.153000000000000114e+01 2.680999999999999872e+01
7.319829136146045467e-01 4.209000000000000341e+01 2.682999999999999829e+01 6.188934435113137011e-01 4.153000000000000114e+01 2.680999999999999872e+01
7.231954144431695930e-01 4.213000000000000256e+01 2.680999999999999872e+01 6.188934435113137011e-01 4.153000000000000114e+01 2.680999999999999872e+01
7.299417335969086151e-01 4.196999999999999886e+01 2.680999999999999872e+01 6.188934435113137011e-01 4.153000000000000114e+01 2.680999999999999872e+01
7.277023397686612771e-01 4.221000000000000085e+01 2.682999999999999829e+01 6.188934435113137011e-01 4.153000000000000114e+01 2.680999999999999872e+01
7.273101111501981686e-01 4.192999999999999972e+01 2.680999999999999872e+01 6.188934435113137011e-01 4.153000000000000114e+01 2.680999999999999872e+01
7.216275665413756091e-01 4.190999999999999659e+01 2.682999999999999829e+01 6.188934435113137011e-01 4.153000000000000114e+01 2.680999999999999872e+01
7.289890678015805703e-01 4.185000000000000142e+01 2.680999999999999872e+01 6.188934435113137011e-01 4.153000000000000114e+01 2.680999999999999872e+01
7.328964815242294817e-01 4.181000000000000227e+01 2.676999999999999957e+01 6.188934435113137011e-01 4.153000000000000114e+01 2.680999999999999872e+01
7.239841357261735943e-01 4.185000000000000142e+01 2.682999999999999829e+01 6.188934435113137011e-01 4.153000000000000114e+01 2.680999999999999872e+01
7.785661866832612743e-01 4.195000000000000284e+01 2.682999999999999829e+01 6.188934435113137011e-01 4.153000000000000114e+01 2.680999999999999872e+01
7.265639483320824876e-01 4.196999999999999886e+01 2.682999999999999829e+01 6.188934435113137011e-01 4.153000000000000114e+01 2.680999999999999872e+01
7.379715382468833296e-01 4.228999999999999915e+01 2.682999999999999829e+01 6.188934435113137011e-01 4.153000000000000114e+01 2.680999999999999872e+01
7.251506521129555960e-01 4.213000000000000256e+01 2.680999999999999872e+01 6.188934435113137011e-01 4.153000000000000114e+01 2.680999999999999872e+01
7.259766618018315132e-01 4.203000000000000114e+01 2.685000000000000142e+01 6.188934435113137011e-01 4.153000000000000114e+01 2.680999999999999872e+01
7.332760364284666155e-01 4.218999999999999773e+01 2.685000000000000142e+01 6.188934435113137011e-01 4.153000000000000114e+01 2.680999999999999872e+01
7.338851337004487219e-01 4.209000000000000341e+01 2.680999999999999872e+01 6.188934435113137011e-01 4.153000000000000114e+01 2.680999999999999872e+01
7.269056999330879565e-01 4.204999999999999716e+01 2.685000000000000142e+01 6.188934435113137011e-01 4.153000000000000114e+01 2.680999999999999872e+01
7.309128280383652143e-01 4.213000000000000256e+01 2.680999999999999872e+01 6.188934435113137011e-01 4.153000000000000114e+01 2.680999999999999872e+01
7.295951558148762173e-01 4.196999999999999886e+01 2.680999999999999872e+01 6.188934435113137011e-01 4.153000000000000114e+01 2.680999999999999872e+01
7.238624752327557088e-01 4.214999999999999858e+01 2.685000000000000142e+01 6.188934435113137011e-01 4.153000000000000114e+01 2.680999999999999872e+01
7.850942161768066363e-01 4.209000000000000341e+01 2.682999999999999829e+01 6.188934435113137011e-01 4.153000000000000114e+01 2.680999999999999872e+01
7.358562587006886035e-01 4.203000000000000114e+01 2.685000000000000142e+01 6.188934435113137011e-01 4.153000000000000114e+01 2.680999999999999872e+01
7.273401596054731577e-01 4.204999999999999716e+01 2.682999999999999829e+01 6.188934435113137011e-01 4.153000000000000114e+01 2.680999999999999872e+01
7.277972043572196181e-01 4.196999999999999886e+01 2.682999999999999829e+01 6.188934435113137011e-01 4.153000000000000114e+01 2.680999999999999872e+01
7.295978688902217124e-01 4.203000000000000114e+01 2.682999999999999829e+01 6.188934435113137011e-01 4.153000000000000114e+01 2.680999999999999872e+01
7.302430470071582524e-01 4.196999999999999886e+01 2.680999999999999872e+01 6.188934435113137011e-01 4.153000000000000114e+01 2.680999999999999872e+01
7.415541419304657600e-01 4.210999999999999943e+01 2.680999999999999872e+01 6.188934435113137011e-01 4.153000000000000114e+01 2.680999999999999872e+01
7.309673602796171732e-01 4.213000000000000256e+01 2.680999999999999872e+01 6.185417426298845944e-01 4.190999999999999659e+01 2.682999999999999829e+01
7.283167682656729314e-01 4.213000000000000256e+01 2.680999999999999872e+01 6.185417426298845944e-01 4.190999999999999659e+01 2.682999999999999829e+01
7.242645234378256580e-01 4.225000000000000000e+01 2.678999999999999915e+01 6.185417426298845944e-01 4.190999999999999659e+01 2.682999999999999829e+01
7.360042423680449586e-01 4.213000000000000256e+01 2.680999999999999872e+01 6.185417426298845944e-01 4.190999999999999659e+01 2.682999999999999829e+01
7.271087740334369887e-01 4.210999999999999943e+01 2.678999999999999915e+01 6.185417426298845944e-01 4.190999999999999659e+01 2.682999999999999829e+01
7.245821826698467527e-01 4.222999999999999687e+01 2.678999999999999915e+01 6.185417426298845944e-01 4.190999999999999659e+01 2.682999999999999829e+01
7.328672203846469113e-01 4.209000000000000341e+01 2.678999999999999915e+01 6.185417426298845944e-01 4.190999999999999659e+01 2.682999999999999829e+01
7.320824874544571426e-01 4.228999999999999915e+01 2.678999999999999915e+01 6.185417426298845944e-01 4.190999999999999659e+01 2.682999999999999829e+01
7.323576230056959568e-01 4.203000000000000114e+01 2.680999999999999872e+01 6.185417426298845944e-01 4.190999999999999659e+01 2.682999999999999829e+01
7.224759849916723153e-01 4.225000000000000000e+01 2.680999999999999872e+01 6.185417426298845944e-01 4.190999999999999659e+01 2.682999999999999829e+01
7.275790734871891985e-01 4.210999999999999943e+01 2.680999999999999872e+01 6.185417426298845944e-01 4.190999999999999659e+01 2.682999999999999829e+01
7.385985685589588901e-01 4.204999999999999716e+01 2.680999999999999872e+01 6.185417426298845944e-01 4.190999999999999659e+01 2.682999999999999829e+01
7.286909864938169168e-01 4.196999999999999886e+01 2.680999999999999872e+01 6.185417426298845944e-01 4.190999999999999659e+01 2.682999999999999829e+01
7.276345876913892230e-01 4.195000000000000284e+01 2.678999999999999915e+01 6.185417426298845944e-01 4.190999999999999659e+01 2.682999999999999829e+01
7.337164911163519543e-01 4.213000000000000256e+01 2.682999999999999829e+01 6.185417426298845944e-01 4.190999999999999659e+01 2.682999999999999829e+01
7.373546340056456039e-01 4.214999999999999858e+01 2.680999999999999872e+01 6.185417426298845944e-01 4.190999999999999659e+01 2.682999999999999829e+01
7.231151392842101178e-01 4.232999999999999829e+01 2.680999999999999872e+01 6.185417426298845944e-01 4.190999999999999659e+01 2.682999999999999829e+01
7.270869654999332354e-01 4.214999999999999858e+01 2.680999999999999872e+01 6.185417426298845944e-01 4.190999999999999659e+01 2.682999999999999829e+01
7.305990290580240965e-01 4.210999999999999943e+01 2.678999999999999915e+01 6.185417426298845944e-01 4.190999999999999659e+01 2.682999999999999829e+01
7.336514724610447846e-01 4.190999999999999659e+01 2.680999999999999872e+01 6.185417426298845944e-01 4.190999999999999659e+01 2.682999999999999829e+01
7.294670085851296948e-01 4.213000000000000256e+01 2.680999999999999872e+01 6.185417426298845944e-01 4.190999999999999659e+01 2.682999999999999829e+01
7.262681510673494323e-01 4.209000000000000341e+01 2.680999999999999872e+01 6.185417426298845944e-01 4.190999999999999659e+01 2.682999999999999829e+01
7.266580599210274993e-01 4.196999999999999886e+01 2.680999999999999872e+01 6.185417426298845944e-01 4.190999999999999659e+01 2.682999999999999829e+01
7.239424455253494761e-01 4.218999999999999773e+01 2.680999999999999872e+01 6.185417426298845944e-01 4.190999999999999659e+01 2.682999999999999829e+01
7.791013396032949734e-01 4.218999999999999773e+01 2.682999999999999829e+01 6.185417426298845944e-01 4.190999999999999659e+01 2.682999999999999829e+01
7.340329691685891778e-01 4.213000000000000256e+01 2.678999999999999915e+01 6.185417426298845944e-01 4.190999999999999659e+01 2.682999999999999829e+01
7.285628532109575950e-01 4.210999999999999943e+01 2.678999999999999915e+01 6.185417426298845944e-01 4.190999999999999659e+01 2.682999999999999829e+01
7.256730057490239361e-01 4.204999999999999716e+01 2.678999999999999915e+01 6.185417426298845944e-01 4.190999999999999659e+01 2.682999999999999829e+01
7.303091831261838696e-01 4.213000000000000256e+01 2.680999999999999872e+01 6.185417426298845944e-01 4.190999999999999659e+01 2.682999999999999829e+01
7.276097751285989235e-01 4.213000000000000256e+01 2.680999999999999872e+01 6.185417426298845944e-01 4.190999999999999659e+01 2.682999999999999829e+01
7.349333529723587333e-01 4.228999999999999915e+01 2.682999999999999829e+01 6.185417426298845944e-01 4.190999999999999659e+01 2.682999999999999829e+01
7.291870070659034475e-01 4.196999999999999886e+01 2.680999999999999872e+01 6.185417426298845944e-01 4.190999999999999659e+01 2.682999999999999829e+01
7.287345406829341954e-01 4.214999999999999858e+01 2.680999999999999872e+01 6.185417426298845944e-01 4.190999999999999659e+01 2.682999999999999829e+01
7.305214021453370066e-01 4.214999999999999858e+01 2.685000000000000142e+01 6.185417426298845944e-01 4.190999999999999659e+01 2.682999999999999829e+01
7.240233985298886177e-01 4.214999999999999858e+01 2.682999999999999829e+01 6.185417426298845944e-01 4.190999999999999659e+01 2.682999999999999829e+01
7.349599375965740755e-01 4.196999999999999886e+01 2.680999999999999872e+01 6.185417426298845944e-01 4.190999999999999659e+01 2.682999999999999829e+01
7.367700685676130679e-01 4.214999999999999858e+01 2.682999999999999829e+01 6.185417426298845944e-01 4.190999999999999659e+01 2.682999999999999829e+01
7.296972875443883400e-01 4.213000000000000256e+01 2.682999999999999829e+01 6.185417426298845944e-01 4.190999999999999659e+01 2.682999999999999829e+01
7.277699221480360414e-01 4.195000000000000284e+01 2.682999999999999829e+01 6.185417426298845944e-01 4.190999999999999659e+01 2.682999999999999829e+01
7.293110551585945123e-01 4.200999999999999801e+01 2.685000000000000142e+01 6.185417426298845944e-01 4.190999999999999659e+01 2.682999999999999829e+01
7.334945661863716548e-01 4.203000000000000114e+01 2.682999999999999829e+01 6.185417426298845944e-01 4.190999999999999659e+01 2.682999999999999829e+01
7.222724809050712347e-01 4.203000000000000114e+01 2.687000000000000099e+01 6.185417426298845944e-01 4.190999999999999659e+01 2.682999999999999829e+01
7.332477353357784722e-01 4.195000000000000284e+01 2.682999999999999829e+01 6.180849076800728481e-01 4.203000000000000114e+01 2.682999999999999829e+01
7.282088647930453629e-01 4.214999999999999858e+01 2.682999999999999829e+01 6.180849076800728481e-01 4.203000000000000114e+01 2.682999999999999829e+01
7.243139103553473124e-01 4.204999999999999716e+01 2.685000000000000142e+01 6.180849076800728481e-01 4.203000000000000114e+01 2.682999999999999829e+01
7.334440722305805016e-01 4.222999999999999687e+01 2.687000000000000099e+01 6.180849076800728481e-01 4.203000000000000114e+01 2.682999999999999829e+01
7.259682846070427686e-01 4.210999999999999943e+01 2.685000000000000142e+01 6.180849076800728481e-01 4.203000000000000114e+01 2.682999999999999829e+01
7.261736840288526285e-01 4.210999999999999943e+01 2.685000000000000142e+01 6.180849076800728481e-01 4.203000000000000114e+01 2.682999999999999829e+01
7.505781917146284732e-01 4.196999999999999886e+01 2.685000000000000142e+01 6.180849076800728481e-01 4.203000000000000114e+01 2.682999999999999829e+01
7.309231476181717868e-01 4.222999999999999687e+01 2.685000000000000142e+01 6.180849076800728481e-01 4.203000000000000114e+01 2.682999999999999829e+01
7.349840169292037872e-01 4.196999999999999886e+01 2.682999999999999829e+01 6.180849076800728481e-01 4.203000000000000114e+01 2.682999999999999829e+01
7.215661173393486116e-01 4.218999999999999773e+01 2.687000000000000099e+01 6.180849076800728481e-01 4.203000000000000114e+01 2.682999999999999829e+01
7.456283943312633777e-01 4.214999999999999858e+01 2.682999999999999829e+01 6.180849076800728481e-01 4.203000000000000114e+01 2.682999999999999829e+01
7.326416686522343458e-01 4.210999999999999943e+01 2.685000000000000142e+01 6.180849076800728481e-01 4.203000000000000114e+01 2.682999999999999829e+01
7.301549562037490393e-01 4.214999999999999858e+01 2.685000000000000142e+01 6.180849076800728481e-01 4.203000000000000114e+01 2.682999999999999829e+01
7.286779661502863492e-01 4.221000000000000085e+01 2.687000000000000099e+01 6.180849076800728481e-01 4.203000000000000114e+01 2.682999999999999829e+01
7.346597223580902947e-01 4.235000000000000142e+01 2.685000000000000142e+01 6.180849076800728481e-01 4.203000000000000114e+01 2.682999999999999829e+01
7.801936620815693724e-01 4.231000000000000227e+01 2.685000000000000142e+01 6.180849076800728481e-01 4.203000000000000114e+01 2.682999999999999829e+01
7.231908816572374388e-01 4.228999999999999915e+01 2.687000000000000099e+01 6.180849076800728481e-01 4.203000000000000114e+01 2.682999999999999829e+01
7.378454511130758675e-01 4.222999999999999687e+01 2.685000000000000142e+01 6.180849076800728481e-01 4.203000000000000114e+01 2.682999999999999829e+01
7.342865191716485551e-01 4.231000000000000227e+01 2.685000000000000142e+01 6.180849076800728481e-01 4.203000000000000114e+01 2.682999999999999829e+01
7.350696533698563018e-01 4.214999999999999858e+01 2.687000000000000099e+01 6.180849076800728481e-01 4.203000000000000114e+01 2.682999999999999829e+01
7.303021026509934899e-01 4.235000000000000142e+01 2.687000000000000099e+01 6.180849076800728481e-01 4.203000000000000114e+01 2.682999999999999829e+01
7.340581673428685505e-01 4.239000000000000057e+01 2.687000000000000099e+01 6.180849076800728481e-01 4.203000000000000114e+01 2.682999999999999829e+01
7.293975230566800416e-01 4.218999999999999773e+01 2.687000000000000099e+01 6.180849076800728481e-01 4.203000000000000114e+01 2.682999999999999829e+01
7.246403084380537152e-01 4.210999999999999943e+01 2.685000000000000142e+01 6.180849076800728481e-01 4.203000000000000114e+01 2.682999999999999829e+01
7.425761720211109251e-01 4.204999999999999716e+01 2.687000000000000099e+01 6.180849076800728481e-01 4.203000000000000114e+01 2.682999999999999829e+01
7.330850070239918193e-01 4.225000000000000000e+01 2.687000000000000099e+01 6.180849076800728481e-01 4.203000000000000114e+01 2.682999999999999829e+01
7.335243220518110618e-01 4.214999999999999858e+01 2.689000000000000057e+01 6.180849076800728481e-01 4.203000000000000114e+01 2.682999999999999829e+01
7.232171882652628225e-01 4.232999999999999829e+01 2.691000000000000014e+01 6.180849076800728481e-01 4.203000000000000114e+01 2.682999999999999829e+01
7.356351610172058297e-01 4.228999999999999915e+01 2.691000000000000014e+01 6.180849076800728481e-01 4.203000000000000114e+01 2.682999999999999829e+01
7.633836294923237453e-01 4.228999999999999915e+01 2.691000000000000014e+01 6.180849076800728481e-01 4.203000000000000114e+01 2.682999999999999829e+01
9.254758395464501852e-01 4.222999999999999687e+01 2.689000000000000057e+01 6.180849076800728481e-01 4.203000000000000114e+01 2.682999999999999829e+01
7.291981714650331847e-01 4.214999999999999858e+01 2.689000000000000057e+01 6.180849076800728481e-01 4.203000000000000114e+01 2.682999999999999829e+01
7.343418584717517072e-01 4.222999999999999687e+01 2.689000000000000057e+01 6.180849076800728481e-01 4.203000000000000114e+01 2.682999999999999829e+01
7.288794202281496659e-01 4.214999999999999858e+01 2.689000000000000057e+01 6.180849076800728481e-01 4.203000000000000114e+01 2.682999999999999829e+01
7.257408987390756572e-01 4.209000000000000341e+01 2.687000000000000099e+01 6.180849076800728481e-01 4.203000000000000114e+01 2.682999999999999829e+01
7.324464443354601340e-01 4.235000000000000142e+01 2.689000000000000057e+01 6.180849076800728481e-01 4.203000000000000114e+01 2.682999999999999829e+01
1.019575388079561939e+00 4.235000000000000142e+01 2.691000000000000014e+01 6.180849076800728481e-01 4.203000000000000114e+01 2.682999999999999829e+01
7.404076540701352016e-01 4.222999999999999687e+01 2.689000000000000057e+01 6.180849076800728481e-01 4.203000000000000114e+01 2.682999999999999829e+01
7.328580165126490353e-01 4.203000000000000114e+01 2.691000000000000014e+01 6.180849076800728481e-01 4.203000000000000114e+01 2.682999999999999829e+01
7.316543577419168942e-01 4.242999999999999972e+01 2.692999999999999972e+01 6.180849076800728481e-01 4.203000000000000114e+01 2.682999999999999829e+01
7.293509857100544114e-01 4.221000000000000085e+01 2.691000000000000014e+01 6.180849076800728481e-01 4.203000000000000114e+01 2.682999999999999829e+01
7.232186132060592909e-01 4.209000000000000341e+01 2.692999999999999972e+01 6.180849076800728481e-01 4.203000000000000114e+01 2.682999999999999829e+01
7.305864966007219463e-01 4.222999999999999687e+01 2.692999999999999972e+01 6.201198806620523696e-01 4.200999999999999801e+01 2.692999999999999972e+01
7.338633956494599042e-01 4.203000000000000114e+01 2.691000000000000014e+01 6.201198806620523696e-01 4.200999999999999801e+01 2.692999999999999972e+01
7.278440650220063812e-01 4.214999999999999858e+01 2.691000000000000014e+01 6.201198806620523696e-01 4.200999999999999801e+01 2.692999999999999972e+01
7.379161520769220717e-01 4.225000000000000000e+01 2.691000000000000014e+01 6.201198806620523696e-01 4.200999999999999801e+01 2.692999999999999972e+01
7.319562097806995293e-01 4.225000000000000000e+01 2.694999999999999929e+01 6.201198806620523696e-01 4.200999999999999801e+01 2.692999999999999972e+01
7.283486960418894540e-01 4.228999999999999915e+01 2.689000000000000057e+01 6.201198806620523696e-01 4.200999999999999801e+01 2.692999999999999972e+01
7.883878153028028857e-01 4.240999999999999659e+01 2.691000000000000014e+01 6.201198806620523696e-01 4.200999999999999801e+01 2.692999999999999972e+01
7.382021384513163254e-01 4.231000000000000227e+01 2.692999999999999972e+01 6.201198806620523696e-01 4.200999999999999801e+01 2.692999999999999972e+01
7.274251300421584743e-01 4.242999999999999972e+01 2.692999999999999972e+01 6.201198806620523696e-01 4.200999999999999801e+01 2.692999999999999972e+01
7.228380748831240155e-01 4.214999999999999858e+01 2.691000000000000014e+01 6.201198806620523696e-01 4.200999999999999801e+01 2.692999999999999972e+01
7.344604248953320313e-01 4.235000000000000142e+01 2.691000000000000014e+01 6.201198806620523696e-01 4.200999999999999801e+01 2.692999999999999972e+01
7.340746476144648369e-01 4.214999999999999858e+01 2.691000000000000014e+01 6.201198806620523696e-01 4.200999999999999801e+01 2.692999999999999972e+01
7.275517969478331182e-01 4.218999999999999773e+01 2.694999999999999929e+01 6.201198806620523696e-01 4.200999999999999801e+01 2.692999999999999972e+01
7.300289137501329018e-01 4.240999999999999659e+01 2.691000000000000014e+01 6.201198806620523696e-01 4.200999999999999801e+01 2.692999999999999972e+01
7.314042394475651632e-01 4.221000000000000085e+01 2.691000000000000014e+01 6.201198806620523696e-01 4.200999999999999801e+01 2.692999999999999972e+01
7.322455337720622515e-01 4.225000000000000000e+01 2.692999999999999972e+01 6.201198806620523696e-01 4.200999999999999801e+01 2.692999999999999972e+01
7.214382677952884126e-01 4.239000000000000057e+01 2.691000000000000014e+01 6.201198806620523696e-01 4.200999999999999801e+01 2.692999999999999972e+01
7.353617855034118023e-01 4.218999999999999773e+01 2.692999999999999972e+01 6.201198806620523696e-01 4.200999999999999801e+01 2.692999999999999972e+01
7.354086367917614941e-01 4.242999999999999972e+01 2.698999999999999844e+01 6.201198806620523696e-01 4.200999999999999801e+01 2.692999999999999972e+01
7.296875916468104073e-01 4.242999999999999972e+01 2.698999999999999844e+01 6.201198806620523696e-01 4.200999999999999801e+01 2.692999999999999972e+01
7.055714188612611792e-01 4.239000000000000057e+01 2.692999999999999972e+01 6.201198806620523696e-01 4.200999999999999801e+01 2.692999999999999972e+01
7.337549695406223593e-01 4.214999999999999858e+01 2.698999999999999844e+01 6.201198806620523696e-01 4.200999999999999801e+01 2.692999999999999972e+01
7.335561748613405042e-01 4.225000000000000000e+01 2.694999999999999929e+01 6.201198806620523696e-01 4.200999999999999801e+01 2.692999999999999972e+01
7.247052274746236256e-01 4.235000000000000142e+01 2.692999999999999972e+01 6.201198806620523696e-01 4.200999999999999801e+01 2.692999999999999972e+01
7.790477880168557023e-01 4.231000000000000227e+01 2.692999999999999972e+01 6.201198806620523696e-01 4.200999999999999801e+01 2.692999999999999972e+01
7.287661993733632881e-01 4.235000000000000142e+01 2.698999999999999844e+01 6.201198806620523696e-01 4.200999999999999801e+01 2.692999999999999972e+01
7.329182882377796027e-01 4.228999999999999915e+01 2.698999999999999844e+01 6.201198806620523696e-01 4.200999999999999801e+01 2.692999999999999972e+01
7.228871388933310049e-01 4.213000000000000256e+01 2.692999999999999972e+01 6.201198806620523696e-01 4.200999999999999801e+01 2.692999999999999972e+01
7.336205647176394784e-01 4.225000000000000000e+01 2.692999999999999972e+01 6.201198806620523696e-01 4.200999999999999801e+01 2.692999999999999972e+01
7.282638541919587150e-01 4.240999999999999659e+01 2.694999999999999929e+01 6.201198806620523696e-01 4.200999999999999801e+01 2.692999999999999972e+01
7.267005463851052838e-01 4.240999999999999659e+01 2.694999999999999929e+01 6.201198806620523696e-01 4.200999999999999801e+01 2.692999999999999972e+01
7.273543410338959569e-01 4.209000000000000341e+01 2.694999999999999929e+01 6.201198806620523696e-01 4.200999999999999801e+01 2.692999999999999972e+01
7.296476851228652638e-01 4.221000000000000085e+01 2.694999999999999929e+01 6.201198806620523696e-01 4.200999999999999801e+01 2.692999999999999972e+01
7.332589185112240449e-01 4.240999999999999659e+01 2.694999999999999929e+01 6.201198806620523696e-01 4.200999999999999801e+01 2.692999999999999972e+01
7.239714301059421153e-01 4.221000000000000085e+01 2.694999999999999929e+01 6.201198806620523696e-01 4.200999999999999801e+01 2.692999999999999972e+01
7.330458210418637766e-01 4.221000000000000085e+01 2.703000000000000114e+01 6.201198806620523696e-01 4.200999999999999801e+01 2.692999999999999972e+01
7.301002425380723748e-01 4.242999999999999972e+01 2.698999999999999844e+01 6.201198806620523696e-01 4.200999999999999801e+01 2.692999999999999972e+01
7.312192362361887854e-01 4.210999999999999943e+01 2.694999999999999929e+01 6.201198806620523696e-01 4.200999999999999801e+01 2.692999999999999972e+01
7.291890297538288213e-01 4.232999999999999829e+01 2.694999999999999929e+01 6.201198806620523696e-01 4.200999999999999801e+01 2.692999999999999972e+01
7.339023240065341014e-01 4.240999999999999659e+01 2.698999999999999844e+01 6.201198806620523696e-01 4.200999999999999801e+01 2.692999999999999972e+01
7.331404602589012276e-01 4.235000000000000142e+01 2.698999999999999844e+01 6.201198806620523696e-01 4.200999999999999801e+01 2.692999999999999972e+01
6.947980393325976500e-01 4.240999999999999659e+01 2.703000000000000114e+01 6.201198806620523696e-01 4.200999999999999801e+01 2.692999999999999972e+01
7.306290577221438154e-01 4.221000000000000085e+01 2.703000000000000114e+01 6.187200722790835439e-01 4.221000000000000085e+01 2.698999999999999844e+01
7.286729144308865536e-01 4.240999999999999659e+01 2.703000000000000114e+01 6.187200722790835439e-01 4.221000000000000085e+01 2.698999999999999844e+01
7.251755110601768584e-01 4.228999999999999915e+01 2.698999999999999844e+01 6.187200722790835439e-01 4.221000000000000085e+01 2.698999999999999844e+01
7.383642920272963650e-01 4.210999999999999943e+01 2.698999999999999844e+01 6.187200722790835439e-01 4.221000000000000085e+01 2.698999999999999844e+01
7.234803736744003233e-01 4.228999999999999915e+01 2.703000000000000114e+01 6.187200722790835439e-01 4.221000000000000085e+01 2.698999999999999844e+01
7.259362344975910375e-01 4.231000000000000227e+01 2.698999999999999844e+01 6.187200722790835439e-01 4.221000000000000085e+01 2.698999999999999844e+01
7.406828878703006769e-01 4.235000000000000142e+01 2.698999999999999844e+01 6.187200722790835439e-01 4.221000000000000085e+01 2.698999999999999844e+01
7.317328055581622248e-01 4.245000000000000284e+01 2.705000000000000071e+01 6.187200722790835439e-01 4.221000000000000085e+01 2.698999999999999844e+01
7.320331005071127883e-01 4.235000000000000142e+01 2.698999999999999844e+01 6.187200722790835439e-01 4.221000000000000085e+01 2.698999999999999844e+01
7.215644292115546143e-01 4.259000000000000341e+01 2.703000000000000114e+01 6.187200722790835439e-01 4.221000000000000085e+01 2.698999999999999844e+01
7.296981328342516671e-01 4.240999999999999659e+01 2.703000000000000114e+01 6.187200722790835439e-01 4.221000000000000085e+01 2.698999999999999844e+01
7.383990715610795341e-01 4.235000000000000142e+01 2.703000000000000114e+01 6.187200722790835439e-01 4.221000000000000085e+01 2.698999999999999844e+01
7.325717909793517668e-01 4.228999999999999915e+01 2.705000000000000071e+01 6.187200722790835439e-01 4.221000000000000085e+01 2.698999999999999844e+01
7.297897202159457919e-01 4.222999999999999687e+01 2.705000000000000071e+01 6.187200722790835439e-01 4.221000000000000085e+01 2.698999999999999844e+01
7.333413749557537997e-01 4.228999999999999915e+01 2.703000000000000114e+01 6.187200722790835439e-01 4.221000000000000085e+01 2.698999999999999844e+01
7.296265496351418411e-01 4.242999999999999972e+01 2.698999999999999844e+01 6.187200722790835439e-01 4.221000000000000085e+01 2.698999999999999844e+01
7.233144657729874138e-01 4.232999999999999829e+01 2.705000000000000071e+01 6.187200722790835439e-01 4.221000000000000085e+01 2.698999999999999844e+01
7.303601684616558565e-01 4.228999999999999915e+01 2.703000000000000114e+01 6.187200722790835439e-01 4.221000000000000085e+01 2.698999999999999844e+01
7.340998068360923279e-01 4.218999999999999773e+01 2.703000000000000114e+01 6.187200722790835439e-01 4.221000000000000085e+01 2.698999999999999844e+01
7.288691940027337557e-01 4.222999999999999687e+01 2.698999999999999844e+01 6.187200722790835439e-01 4.221000000000000085e+01 2.698999999999999844e+01
7.293299802753245853e-01 4.214999999999999858e+01 2.703000000000000114e+01 6.187200722790835439e-01 4.221000000000000085e+01 2.698999999999999844e+01
7.313784378665765251e-01 4.231000000000000227e+01 2.703000000000000114e+01 6.187200722790835439e-01 4.221000000000000085e+01 2.698999999999999844e+01
7.405623763607005472e-01 4.231000000000000227e+01 2.698999999999999844e+01 6.187200722790835439e-01 4.221000000000000085e+01 2.698999999999999844e+01
7.252865235721982495e-01 4.240999999999999659e+01 2.698999999999999844e+01 6.187200722790835439e-01 4.221000000000000085e+01 2.698999999999999844e+01
7.457031135899852003e-01 4.240999999999999659e+01 2.703000000000000114e+01 6.187200722790835439e-01 4.221000000000000085e+01 2.698999999999999844e+01
7.280134224961699596e-01 4.267000000000000171e+01 2.703000000000000114e+01 6.187200722790835439e-01 4.221000000000000085e+01 2.698999999999999844e+01
7.309793986119131892e-01 4.253000000000000114e+01 2.703000000000000114e+01 6.187200722790835439e-01 4.221000000000000085e+01 2.698999999999999844e+01
7.229997412604391993e-01 4.222999999999999687e+01 2.705000000000000071e+01 6.187200722790835439e-01 4.221000000000000085e+01 2.698999999999999844e+01
7.355557501461860159e-01 4.232999999999999829e+01 2.705000000000000071e+01 6.187200722790835439e-01 4.221000000000000085e+01 2.698999999999999844e+01
7.344842537604835409e-01 4.232999999999999829e+01 2.705000000000000071e+01 6.187200722790835439e-01 4.221000000000000085e+01 2.698999999999999844e+01
7.313627650757950072e-01 4.245000000000000284e+01 2.698999999999999844e+01 6.187200722790835439e-01 4.221000000000000085e+01 2.698999999999999844e+01
7.306426763698629090e-01 4.235000000000000142e+01 2.703000000000000114e+01 6.187200722790835439e-01 4.221000000000000085e+01 2.698999999999999844e+01
7.308334365856452575e-01 4.235000000000000142e+01 2.698999999999999844e+01 6.187200722790835439e-01 4.221000000000000085e+01 2.698999999999999844e+01
7.347323670742513801e-01 4.221000000000000085e+01 2.694999999999999929e+01 6.187200722790835439e-01 4.221000000000000085e+01 2.698999999999999844e+01
7.254540452363421599e-01 4.228999999999999915e+01 2.698999999999999844e+01 6.187200722790835439e-01 4.221000000000000085e+01 2.698999999999999844e+01
7.348208566993644775e-01 4.253000000000000114e+01 2.694999999999999929e+01 6.187200722790835439e-01 4.221000000000000085e+01 2.698999999999999844e+01
7.302775309622696609e-01 4.235000000000000142e+01 2.698999999999999844e+01 6.187200722790835439e-01 4.221000000000000085e+01 2.698999999999999844e+01
7.283849241236152183e-01 4.235000000000000142e+01 2.698999999999999844e+01 6.187200722790835439e-01 4.221000000000000085e+01 2.698999999999999844e+01
7.283747311154333826e-01 4.232999999999999829e+01 2.703000000000000114e+01 6.187200722790835439e-01 4.221000000000000085e+01 2.698999999999999844e+01
7.355628970445819981e-01 4.245000000000000284e+01 2.703000000000000114e+01 6.187200722790835439e-01 4.221000000000000085e+01 2.698999999999999844e+01
7.320052718411740322e-01 4.253000000000000114e+01 2.703000000000000114e+01 6.187200722790835439e-01 4.221000000000000085e+01 2.698999999999999844e+01
6.982076283596566624e-01 4.253000000000000114e+01 2.698999999999999844e+01 6.187200722790835439e-01 4.221000000000000085e+01 2.698999999999999844e+01
7.275643560285234290e-01 4.235000000000000142e+01 2.705000000000000071e+01 6.178961512808733847e-01 4.210999999999999943e+01 2.705000000000000071e+01
7.294256253902150489e-01 4.249000000000000199e+01 2.703000000000000114e+01 6.178961512808733847e-01 4.210999999999999943e+01 2.705000000000000071e+01
7.215792418276958387e-01 4.235000000000000142e+01 2.698999999999999844e+01 6.178961512808733847e-01 4.210999999999999943e+01 2.705000000000000071e+01
7.340895463295434853e-01 4.231000000000000227e+01 2.698999999999999844e+01 6.178961512808733847e-01 4.210999999999999943e+01 2.705000000000000071e+01
7.226891574907002846e-01 4.240999999999999659e+01 2.703000000000000114e+01 6.178961512808733847e-01 4.210999999999999943e+01 2.705000000000000071e+01
7.256034080452058443e-01 4.225000000000000000e+01 2.705000000000000071e+01 6.178961512808733847e-01 4.210999999999999943e+01 2.705000000000000071e+01
8.324080737303354294e-01 4.245000000000000284e+01 2.703000000000000114e+01 6.178961512808733847e-01 4.210999999999999943e+01 2.705000000000000071e+01
9.552029026689800029e-01 4.235000000000000142e+01 2.698999999999999844e+01 6.178961512808733847e-01 4.210999999999999943e+01 2.705000000000000071e+01
7.336097263004065505e-01 4.232999999999999829e+01 2.703000000000000114e+01 6.178961512808733847e-01 4.210999999999999943e+01 2.705000000000000071e+01
7.258747497290611861e-01 4.235000000000000142e+01 2.703000000000000114e+01 6.178961512808733847e-01 4.210999999999999943e+01 2.705000000000000071e+01
7.340001474132292758e-01 4.240999999999999659e+01 2.703000000000000114e+01 6.178961512808733847e-01 4.210999999999999943e+01 2.705000000000000071e+01
7.265305945411164590e-01 4.249000000000000199e+01 2.703000000000000114e+01 6.178961512808733847e-01 4.210999999999999943e+01 2.705000000000000071e+01
7.278628991385447389e-01 4.240999999999999659e+01 2.694999999999999929e+01 6.178961512808733847e-01 4.210999999999999943e+01 2.705000000000000071e+01
7.268011805027508876e-01 4.235000000000000142e+01 2.698999999999999844e+01 6.178961512808733847e-01 4.210999999999999943e+01 2.705000000000000071e+01
7.316045048461001787e-01 4.249000000000000199e+01 2.694999999999999929e+01 6.178961512808733847e-01 4.210999999999999943e+01 2.705000000000000071e+01
7.352671445864361610e-01 4.221000000000000085e+01 2.694999999999999929e+01 6.178961512808733847e-01 4.210999999999999943e+01 2.705000000000000071e+01
7.239315626220867994e-01 4.225000000000000000e+01 2.694999999999999929e+01 6.178961512808733847e-01 4.210999999999999943e+01 2.705000000000000071e+01
7.100314418926250148e-01 4.253000000000000114e+01 2.692999999999999972e+01 6.178961512808733847e-01 4.210999999999999943e+01 2.705000000000000071e+01
7.334377038522805758e-01 4.231000000000000227e+01 2.694999999999999929e+01 6.178961512808733847e-01 4.210999999999999943e+01 2.705000000000000071e+01
7.321392434719000697e-01 4.242999999999999972e+01 2.698999999999999844e+01 6.178961512808733847e-01 4.210999999999999943e+01 2.705000000000000071e+01
7.296388575711337809e-01 4.240999999999999659e+01 2.698999999999999844e+01 6.178961512808733847e-01 4.210999999999999943e+01 2.705000000000000071e+01
7.309753455096823505e-01 4.239000000000000057e+01 2.694999999999999929e+01 6.178961512808733847e-01 4.210999999999999943e+01 2.705000000000000071e+01
7.287485373852724546e-01 4.232999999999999829e+01 2.698999999999999844e+01 6.178961512808733847e-01 4.210999999999999943e+01 2.705000000000000071e+01
7.212923428653708058e-01 4.239000000000000057e+01 2.698999999999999844e+01 6.178961512808733847e-01 4.210999999999999943e+01 2.705000000000000071e+01
7.200037558364756896e-01 4.253000000000000114e+01 2.698999999999999844e+01 6.178961512808733847e-01 4.210999999999999943e+01 2.705000000000000071e+01
7.327737781473916412e-01 4.260999999999999943e+01 2.698999999999999844e+01 6.178961512808733847e-01 4.210999999999999943e+01 2.705000000000000071e+01
7.289081630684663970e-01 4.259000000000000341e+01 2.694999999999999929e+01 6.178961512808733847e-01 4.210999999999999943e+01 2.705000000000000071e+01
7.236425077537780304e-01 4.260999999999999943e+01 2.698999999999999844e+01 6.178961512808733847e-01 4.210999999999999943e+01 2.705000000000000071e+01
7.332306119647169496e-01 4.259000000000000341e+01 2.698999999999999844e+01 6.178961512808733847e-01 4.210999999999999943e+01 2.705000000000000071e+01
7.303488775016319101e-01 4.249000000000000199e+01 2.698999999999999844e+01 6.178961512808733847e-01 4.210999999999999943e+01 2.705000000000000071e+01
7.336293822916479801e-01 4.240999999999999659e+01 2.703000000000000114e+01 6.178961512808733847e-01 4.210999999999999943e+01 2.705000000000000071e+01
7.263249782998709714e-01 4.235000000000000142e+01 2.698999999999999844e+01 6.178961512808733847e-01 4.210999999999999943e+01 2.705000000000000071e+01
7.305669585036393965e-01 4.245000000000000284e+01 2.698999999999999844e+01 6.178961512808733847e-01 4.210999999999999943e+01 2.705000000000000071e+01
7.279209513553097644e-01 4.242999999999999972e+01 2.698999999999999844e+01 6.178961512808733847e-01 4.210999999999999943e+01 2.705000000000000071e+01
7.248281496143943459e-01 4.235000000000000142e+01 2.698999999999999844e+01 6.178961512808733847e-01 4.210999999999999943e+01 2.705000000000000071e+01
7.354398472589919189e-01 4.249000000000000199e+01 2.698999999999999844e+01 6.178961512808733847e-01 4.210999999999999943e+01 2.705000000000000071e+01
7.352454064878856110e-01 4.235000000000000142e+01 2.698999999999999844e+01 6.178961512808733847e-01 4.210999999999999943e+01 2.705000000000000071e+01
7.543150430918874605e-01 4.235000000000000142e+01 2.698999999999999844e+01 6.178961512808733847e-01 4.210999999999999943e+01 2.705000000000000071e+01
7.291717222369915596e-01 4.222999999999999687e+01 2.698999999999999844e+01 6.178961512808733847e-01 4.210999999999999943e+01 2.705000000000000071e+01
7.261525690475443273e-01 4.221000000000000085e+01 2.703000000000000114e+01 6.178961512808733847e-01 4.210999999999999943e+01 2.705000000000000071e+01
7.277640003889899178e-01 4.240999999999999659e+01 2.698999999999999844e+01 6.178961512808733847e-01 4.210999999999999943e+01 2.705000000000000071e+01
7.181947321620077984e-01 4.231000000000000227e+01 2.698999999999999844e+01 6.178961512808733847e-01 4.210999999999999943e+01 2.705000000000000071e+01
6.991952336539520863e-01 4.235000000000000142e+01 2.698999999999999844e+01 6.178284023921087886e-01 4.222999999999999687e+01 2.698999999999999844e+01
7.295226690598383135e-01 4.257000000000000028e+01 2.703000000000000114e+01 6.178284023921087886e-01 4.222999999999999687e+01 2.698999999999999844e+01
7.249416018835774800e-01 4.235000000000000142e+01 2.694999999999999929e+01 6.178284023921087886e-01 4.222999999999999687e+01 2.698999999999999844e+01
7.344281563752117492e-01 4.253000000000000114e+01 2.698999999999999844e+01 6.178284023921087886e-01 4.222999999999999687e+01 2.698999999999999844e+01
7.266550456642235645e-01 4.240999999999999659e+01 2.698999999999999844e+01 6.178284023921087886e-01 4.222999999999999687e+01 2.698999999999999844e+01
7.241578996242727939e-01 4.235000000000000142e+01 2.698999999999999844e+01 6.178284023921087886e-01 4.222999999999999687e+01 2.698999999999999844e+01
8.346111571539858165e-01 4.235000000000000142e+01 2.703000000000000114e+01 6.178284023921087886e-01 4.222999999999999687e+01 2.698999999999999844e+01
7.348116983764740873e-01 4.225000000000000000e+01 2.694999999999999929e+01 6.178284023921087886e-01 4.222999999999999687e+01 2.698999999999999844e+01
7.299551455426027680e-01 4.253000000000000114e+01 2.698999999999999844e+01 6.178284023921087886e-01 4.222999999999999687e+01 2.698999999999999844e+01
7.213909712921516837e-01 4.235000000000000142e+01 2.692999999999999972e+01 6.178284023921087886e-01 4.222999999999999687e+01 2.698999999999999844e+01
7.265535298284007126e-01 4.249000000000000199e+01 2.694999999999999929e+01 6.178284023921087886e-01 4.222999999999999687e+01 2.698999999999999844e+01
7.353459088030083191e-01 4.249000000000000199e+01 2.694999999999999929e+01 6.178284023921087886e-01 4.222999999999999687e+01 2.698999999999999844e+01
7.341031935244763940e-01 4.242999999999999972e+01 2.692999999999999972e+01 6.178284023921087886e-01 4.222999999999999687e+01 2.698999999999999844e+01
7.285013858196420777e-01 4.228999999999999915e+01 2.698999999999999844e+01 6.178284023921087886e-01 4.222999999999999687e+01 2.698999999999999844e+01
7.059107830279606199e-01 4.239000000000000057e+01 2.694999999999999929e+01 6.178284023921087886e-01 4.222999999999999687e+01 2.698999999999999844e+01
7.453652990745720519e-01 4.239000000000000057e+01 2.692999999999999972e+01 6.178284023921087886e-01 4.222999999999999687e+01 2.698999999999999844e+01
7.267580494017720216e-01 4.239000000000000057e+01 2.694999999999999929e+01 6.178284023921087886e-01 4.222999999999999687e+01 2.698999999999999844e+01
7.330590105910010923e-01 4.257000000000000028e+01 2.692999999999999972e+01 6.178284023921087886e-01 4.222999999999999687e+01 2.698999999999999844e+01
7.343902653805048919e-01 4.249000000000000199e+01 2.698999999999999844e+01 6.178284023921087886e-01 4.222999999999999687e+01 2.698999999999999844e+01
7.458137536685417457e-01 4.240999999999999659e+01 2.694999999999999929e+01 6.178284023921087886e-01 4.222999999999999687e+01 2.698999999999999844e+01
7.289015553931709190e-01 4.231000000000000227e+01 2.692999999999999972e+01 6.178284023921087886e-01 4.222999999999999687e+01 2.698999999999999844e+01
7.346953011827763724e-01 4.260999999999999943e+01 2.692999999999999972e+01 6.178284023921087886e-01 4.222999999999999687e+01 2.698999999999999844e+01
7.355812013558312712e-01 4.240999999999999659e+01 2.698999999999999844e+01 6.178284023921087886e-01 4.222999999999999687e+01 2.698999999999999844e+01
7.308716808885715732e-01 4.263000000000000256e+01 2.698999999999999844e+01 6.178284023921087886e-01 4.222999999999999687e+01 2.698999999999999844e+01
7.941107419032127357e-01 4.242999999999999972e+01 2.694999999999999929e+01 6.178284023921087886e-01 4.222999999999999687e+01 2.698999999999999844e+01
7.317980886579960043e-01 4.249000000000000199e+01 2.698999999999999844e+01 6.178284023921087886e-01 4.222999999999999687e+01 2.698999999999999844e+01
7.352307928367072254e-01 4.249000000000000199e+01 2.703000000000000114e+01 6.178284023921087886e-01 4.222999999999999687e+01 2.698999999999999844e+01
7.245009851449056848e-01 4.240999999999999659e+01 2.692999999999999972e+01 6.178284023921087886e-01 4.222999999999999687e+01 2.698999999999999844e+01
7.298122045029019622e-01 4.232999999999999829e+01 2.698999999999999844e+01 6.178284023921087886e-01 4.222999999999999687e+01 2.698999999999999844e+01
7.293127991514180009e-01 4.245000000000000284e+01 2.694999999999999929e+01 6.178284023921087886e-01 4.222999999999999687e+01 2.698999999999999844e+01
7.262371597170568238e-01 4.239000000000000057e+01 2.694999999999999929e+01 6.178284023921087886e-01 4.222999999999999687e+01 2.698999999999999844e+01
7.158164261281164675e-01 4.228999999999999915e+01 2.694999999999999929e+01 6.178284023921087886e-01 4.222999999999999687e+01 2.698999999999999844e+01
7.287516270111036309e-01 4.259000000000000341e+01 2.703000000000000114e+01 6.178284023921087886e-01 4.222999999999999687e+01 2.698999999999999844e+01
7.307259014576895639e-01 4.253000000000000114e+01 2.694999999999999929e+01 6.178284023921087886e-01 4.222999999999999687e+01 2.698999999999999844e+01
7.249809081138701705e-01 4.242999999999999972e+01 2.698999999999999844e+01 6.178284023921087886e-01 4.222999999999999687e+01 2.698999999999999844e+01
7.352816497329428547e-01 4.240999999999999659e+01 2.703000000000000114e+01 6.178284023921087886e-01 4.222999999999999687e+01 2.698999999999999844e+01
7.316254250507124857e-01 4.235000000000000142e+01 2.698999999999999844e+01 6.178284023921087886e-01 4.222999999999999687e+01 2.698999999999999844e+01
7.364935945135843154e-01 4.245000000000000284e+01 2.698999999999999844e+01 6.178284023921087886e-01 4.222999999999999687e+01 2.698999999999999844e+01
7.289572390268647117e-01 4.253000000000000114e+01 2.703000000000000114e+01 6.178284023921087886e-01 4.222999999999999687e+01 2.698999999999999844e+01
7.357974498075238179e-01 4.240999999999999659e+01 2.698999999999999844e+01 6.178284023921087886e-01 4.222999999999999687e+01 2.698999999999999844e+01
7.373288375421133134e-01 4.250999999999999801e+01 2.707000000000000028e+01 6.178284023921087886e-01 4.222999999999999687e+01 2.698999999999999844e+01
7.086013413831747654e-01 4.245000000000000284e+01 2.703000000000000114e+01 6.178284023921087886e-01 4.222999999999999687e+01 2.698999999999999844e+01
7.297374137401075878e-01 4.245000000000000284e+01 2.703000000000000114e+01 6.205306982724659859e-01 4.228999999999999915e+01 2.707000000000000028e+01
7.285666491504579900e-01 4.232999999999999829e+01 2.705000000000000071e+01 6.205306982724659859e-01 4.228999999999999915e+01 2.707000000000000028e+01
7.252306901278035012e-01 4.214999999999999858e+01 2.705000000000000071e+01 6.205306982724659859e-01 4.228999999999999915e+01 2.707000000000000028e+01
7.383130512295634773e-01 4.242999999999999972e+01 2.705000000000000071e+01 6.205306982724659859e-01 4.228999999999999915e+01 2.707000000000000028e+01
7.314818919520291729e-01 4.232999999999999829e+01 2.705000000000000071e+01 6.205306982724659859e-01 4.228999999999999915e+01 2.707000000000000028e+01
7.279913480882004295e-01 4.249000000000000199e+01 2.707000000000000028e+01 6.205306982724659859e-01 4.228999999999999915e+01 2.707000000000000028e+01
7.832774523779141296e-01 4.213000000000000256e+01 2.707000000000000028e+01 6.205306982724659859e-01 4.228999999999999915e+01 2.707000000000000028e+01
7.285716124611893996e-01 4.249000000000000199e+01 2.705000000000000071e+01 6.205306982724659859e-01 4.228999999999999915e+01 2.707000000000000028e+01
7.319035538975091626e-01 4.249000000000000199e+01 2.707000000000000028e+01 6.205306982724659859e-01 4.228999999999999915e+01 2.707000000000000028e+01
7.239876896884602786e-01 4.249000000000000199e+01 2.707000000000000028e+01 6.205306982724659859e-01 4.228999999999999915e+01 2.707000000000000028e+01
7.358584402271602931e-01 4.239000000000000057e+01 2.708999999999999986e+01 6.205306982724659859e-01 4.228999999999999915e+01 2.707000000000000028e+01
7.370540043052543622e-01 4.239000000000000057e+01 2.705000000000000071e+01 6.205306982724659859e-01 4.228999999999999915e+01 2.707000000000000028e+01
7.334753335452437462e-01 4.225000000000000000e+01 2.707000000000000028e+01 6.205306982724659859e-01 4.228999999999999915e+01 2.707000000000000028e+01
7.315840267255275808e-01 4.231000000000000227e+01 2.707000000000000028e+01 6.205306982724659859e-01 4.228999999999999915e+01 2.707000000000000028e+01
7.310953479107027420e-01 4.239000000000000057e+01 2.707000000000000028e+01 6.205306982724659859e-01 4.228999999999999915e+01 2.707000000000000028e+01
7.381971873737103174e-01 4.257000000000000028e+01 2.707000000000000028e+01 6.205306982724659859e-01 4.228999999999999915e+01 2.707000000000000028e+01
7.263230998283183304e-01 4.257000000000000028e+01 2.707000000000000028e+01 6.205306982724659859e-01 4.228999999999999915e+01 2.707000000000000028e+01
7.328845903256064886e-01 4.232999999999999829e+01 2.708999999999999986e+01 6.205306982724659859e-01 4.228999999999999915e+01 2.707000000000000028e+01
7.291027005644520331e-01 4.231000000000000227e+01 2.707000000000000028e+01 6.205306982724659859e-01 4.228999999999999915e+01 2.707000000000000028e+01
7.269147479325615002e-01 4.232999999999999829e+01 2.710999999999999943e+01 6.205306982724659859e-01 4.228999999999999915e+01 2.707000000000000028e+01
7.318926842661368504e-01 4.235000000000000142e+01 2.705000000000000071e+01 6.205306982724659859e-01 4.228999999999999915e+01 2.707000000000000028e+01
7.334234416658772515e-01 4.257000000000000028e+01 2.707000000000000028e+01 6.205306982724659859e-01 4.228999999999999915e+01 2.707000000000000028e+01
7.335439217850119320e-01 4.242999999999999972e+01 2.707000000000000028e+01 6.205306982724659859e-01 4.228999999999999915e+01 2.707000000000000028e+01
7.247030888845166219e-01 4.260999999999999943e+01 2.707000000000000028e+01 6.205306982724659859e-01 4.228999999999999915e+01 2.707000000000000028e+01
7.459806895684523154e-01 4.245000000000000284e+01 2.707000000000000028e+01 6.205306982724659859e-01 4.228999999999999915e+01 2.707000000000000028e+01
7.292237315002454423e-01 4.250999999999999801e+01 2.707000000000000028e+01 6.205306982724659859e-01 4.228999999999999915e+01 2.707000000000000028e+01
7.217267401658840065e-01 4.245000000000000284e+01 2.705000000000000071e+01 6.205306982724659859e-01 4.228999999999999915e+01 2.707000000000000028e+01
7.230374698082551177e-01 4.250999999999999801e+01 2.708999999999999986e+01 6.205306982724659859e-01 4.228999999999999915e+01 2.707000000000000028e+01
7.304810756213212519e-01 4.239000000000000057e+01 2.708999999999999986e+01 6.205306982724659859e-01 4.228999999999999915e+01 2.707000000000000028e+01
7.310027159214345094e-01 4.250999999999999801e+01 2.707000000000000028e+01 6.205306982724659859e-01 4.228999999999999915e+01 2.707000000000000028e+01
7.282446448647775794e-01 4.259000000000000341e+01 2.710999999999999943e+01 6.205306982724659859e-01 4.228999999999999915e+01 2.707000000000000028e+01
7.269185304762890709e-01 4.225000000000000000e+01 2.708999999999999986e+01 6.205306982724659859e-01 4.228999999999999915e+01 2.707000000000000028e+01
9.341516258041797638e-01 4.259000000000000341e+01 2.710999999999999943e+01 6.205306982724659859e-01 4.228999999999999915e+01 2.707000000000000028e+01
7.342614570316603473e-01 4.235000000000000142e+01 2.708999999999999986e+01 6.205306982724659859e-01 4.228999999999999915e+01 2.707000000000000028e+01
7.266025368663711070e-01 4.250999999999999801e+01 2.710999999999999943e+01 6.205306982724659859e-01 4.228999999999999915e+01 2.707000000000000028e+01
7.350342413934360941e-01 4.245000000000000284e+01 2.710999999999999943e+01 6.205306982724659859e-01 4.228999999999999915e+01 2.707000000000000028e+01
7.268864195078473811e-01 4.250999999999999801e+01 2.710999999999999943e+01 6.205306982724659859e-01 4.228999999999999915e+01 2.707000000000000028e+01
7.882698647935508784e-01 4.228999999999999915e+01 2.714999999999999858e+01 6.205306982724659859e-01 4.228999999999999915e+01 2.707000000000000028e+01
7.274191662436498840e-01 4.240999999999999659e+01 2.714999999999999858e+01 6.205306982724659859e-01 4.228999999999999915e+01 2.707000000000000028e+01
9.846770125364971982e-01 4.240999999999999659e+01 2.710999999999999943e+01 6.205306982724659859e-01 4.228999999999999915e+01 2.707000000000000028e+01
7.335486176395182856e-01 4.235000000000000142e+01 2.714999999999999858e+01 6.205306982724659859e-01 4.228999999999999915e+01 2.707000000000000028e+01
6.943743820934740185e-01 4.253000000000000114e+01 2.708999999999999986e+01 6.205306982724659859e-01 4.228999999999999915e+01 2.707000000000000028e+01
7.281975017624154889e-01 4.228999999999999915e+01 2.710999999999999943e+01 6.180585869532813081e-01 4.214999999999999858e+01 2.714999999999999858e+01
7.286037125524443825e-01 4.240999999999999659e+01 2.710999999999999943e+01 6.180585869532813081e-01 4.214999999999999858e+01 2.714999999999999858e+01
7.242002798600588598e-01 4.235000000000000142e+01 2.714999999999999858e+01 6.180585869532813081e-01 4.214999999999999858e+01 2.714999999999999858e+01
7.328828346454551168e-01 4.239000000000000057e+01 2.714999999999999858e+01 6.180585869532813081e-01 4.214999999999999858e+01 2.714999999999999858e+01
7.293287604450785500e-01 4.232999999999999829e+01 2.717000000000000171e+01 6.180585869532813081e-01 4.214999999999999858e+01 2.714999999999999858e+01
7.259945201887859634e-01 4.242999999999999972e+01 2.714999999999999858e+01 6.180585869532813081e-01 4.214999999999999858e+01 2.714999999999999858e+01
7.403437864783508626e-01 4.253000000000000114e+01 2.719000000000000128e+01 6.180585869532813081e-01 4.214999999999999858e+01 2.714999999999999858e+01
7.338085956532250931e-01 4.240999999999999659e+01 2.721000000000000085e+01 6.180585869532813081e-01 4.214999999999999858e+01 2.714999999999999858e+01
7.323381434865835482e-01 4.232999999999999829e+01 2.721000000000000085e+01 6.180585869532813081e-01 4.214999999999999858e+01 2.714999999999999858e+01
7.218064171759065450e-01 4.240999999999999659e+01 2.719000000000000128e+01 6.180585869532813081e-01 4.214999999999999858e+01 2.714999999999999858e+01
7.278339123022110613e-01 4.259000000000000341e+01 2.719000000000000128e+01 6.180585869532813081e-01 4.214999999999999858e+01 2.714999999999999858e+01
7.280601084034596937e-01 4.242999999999999972e+01 2.723000000000000043e+01 6.180585869532813081e-01 4.214999999999999858e+01 2.714999999999999858e+01
7.343924959902343730e-01 4.240999999999999659e+01 2.721000000000000085e+01 6.180585869532813081e-01 4.214999999999999858e+01 2.714999999999999858e+01
7.282395238585231967e-01 4.232999999999999829e+01 2.721000000000000085e+01 6.180585869532813081e-01 4.214999999999999858e+01 2.714999999999999858e+01
7.339339022901357756e-01 4.249000000000000199e+01 2.723000000000000043e+01 6.180585869532813081e-01 4.214999999999999858e+01 2.714999999999999858e+01
7.300829926694352157e-01 4.250999999999999801e+01 2.723000000000000043e+01 6.180585869532813081e-01 4.214999999999999858e+01 2.714999999999999858e+01
7.237022876926344495e-01 4.253000000000000114e+01 2.721000000000000085e+01 6.180585869532813081e-01 4.214999999999999858e+01 2.714999999999999858e+01
7.275306350338308636e-01 4.239000000000000057e+01 2.721000000000000085e+01 6.180585869532813081e-01 4.214999999999999858e+01 2.714999999999999858e+01
9.607401776093746903e-01 4.245000000000000284e+01 2.725000000000000000e+01 6.180585869532813081e-01 4.214999999999999858e+01 2.714999999999999858e+01
7.357187920376687673e-01 4.250999999999999801e+01 2.725000000000000000e+01 6.180585869532813081e-01 4.214999999999999858e+01 2.714999999999999858e+01
7.311979528315738497e-01 4.242999999999999972e+01 2.725000000000000000e+01 6.180585869532813081e-01 4.214999999999999858e+01 2.714999999999999858e+01
7.276182999230574877e-01 4.235000000000000142e+01 2.723000000000000043e+01 6.180585869532813081e-01 4.214999999999999858e+01 2.714999999999999858e+01
7.424492578249135555e-01 4.218999999999999773e+01 2.726999999999999957e+01 6.180585869532813081e-01 4.214999999999999858e+01 2.714999999999999858e+01
7.251190682383122921e-01 4.250999999999999801e+01 2.725000000000000000e+01 6.180585869532813081e-01 4.214999999999999858e+01 2.714999999999999858e+01
7.441594748732730524e-01 4.245000000000000284e+01 2.726999999999999957e+01 6.180585869532813081e-01 4.214999999999999858e+01 2.714999999999999858e+01
7.283015799408946167e-01 4.240999999999999659e+01 2.726999999999999957e+01 6.180585869532813081e-01 4.214999999999999858e+01 2.714999999999999858e+01
7.309417192880580671e-01 4.245000000000000284e+01 2.725000000000000000e+01 6.180585869532813081e-01 4.214999999999999858e+01 2.714999999999999858e+01
7.228392609158755810e-01 4.250999999999999801e+01 2.725000000000000000e+01 6.180585869532813081e-01 4.214999999999999858e+01 2.714999999999999858e+01
7.349107466871764860e-01 4.242999999999999972e+01 2.723000000000000043e+01 6.180585869532813081e-01 4.214999999999999858e+01 2.714999999999999858e+01
7.296968092977800247e-01 4.235000000000000142e+01 2.726999999999999957e+01 6.180585869532813081e-01 4.214999999999999858e+01 2.714999999999999858e+01
7.266538421505791545e-01 4.222999999999999687e+01 2.726999999999999957e+01 6.180585869532813081e-01 4.214999999999999858e+01 2.714999999999999858e+01
7.308626616686574318e-01 4.214999999999999858e+01 2.725000000000000000e+01 6.180585869532813081e-01 4.214999999999999858e+01 2.714999999999999858e+01
7.323433358691614492e-01 4.257000000000000028e+01 2.726999999999999957e+01 6.180585869532813081e-01 4.214999999999999858e+01 2.714999999999999858e+01
7.372170033820311108e-01 4.240999999999999659e+01 2.726999999999999957e+01 6.180585869532813081e-01 4.214999999999999858e+01 2.714999999999999858e+01
7.250117167102382298e-01 4.249000000000000199e+01 2.726999999999999957e+01 6.180585869532813081e-01 4.214999999999999858e+01 2.714999999999999858e+01
7.304567847472807074e-01 4.240999999999999659e+01 2.726999999999999957e+01 6.180585869532813081e-01 4.214999999999999858e+01 2.714999999999999858e+01
7.327941207665654710e-01 4.249000000000000199e+01 2.726999999999999957e+01 6.180585869532813081e-01 4.214999999999999858e+01 2.714999999999999858e+01
7.364837783183466602e-01 4.242999999999999972e+01 2.726999999999999957e+01 6.180585869532813081e-01 4.214999999999999858e+01 2.714999999999999858e+01
7.309845427687908792e-01 4.253000000000000114e+01 2.726999999999999957e+01 6.180585869532813081e-01 4.214999999999999858e+01 2.714999999999999858e+01
7.361336777470340875e-01 4.218999999999999773e+01 2.726999999999999957e+01 6.180585869532813081e-01 4.214999999999999858e+01 2.714999999999999858e+01
7.309725006602348918e-01 4.240999999999999659e+01 2.728999999999999915e+01 6.180585869532813081e-01 4.214999999999999858e+01 2.714999999999999858e+01
7.091592718163290954e-01 4.242999999999999972e+01 2.726999999999999957e+01 6.180585869532813081e-01 4.214999999999999858e+01 2.714999999999999858e+01