# Total power, Object temperature, Ambient temperature, Idle power, Idle object, Idle ambient
# Iteration {iter}
# 
6.677291701042746830e-01 4.089000000000000057e+01 2.776999999999999957e+01 5.542919258321901133e-01 4.064999999999999858e+01 2.773000000000000043e+01
6.659083769752165427e-01 4.092999999999999972e+01 2.773000000000000043e+01 5.542919258321901133e-01 4.064999999999999858e+01 2.773000000000000043e+01
6.593595766792816892e-01 4.099000000000000199e+01 2.773000000000000043e+01 5.542919258321901133e-01 4.064999999999999858e+01 2.773000000000000043e+01
6.669336339075296882e-01 4.085000000000000142e+01 2.775000000000000000e+01 5.542919258321901133e-01 4.064999999999999858e+01 2.773000000000000043e+01
6.625221240693276448e-01 4.127000000000000313e+01 2.776999999999999957e+01 5.542919258321901133e-01 4.064999999999999858e+01 2.773000000000000043e+01
6.734510090655260184e-01 4.128999999999999915e+01 2.776999999999999957e+01 5.542919258321901133e-01 4.064999999999999858e+01 2.773000000000000043e+01
6.819775905615027556e-01 4.099000000000000199e+01 2.776999999999999957e+01 5.542919258321901133e-01 4.064999999999999858e+01 2.773000000000000043e+01
6.772109429342146880e-01 4.110999999999999943e+01 2.775000000000000000e+01 5.542919258321901133e-01 4.064999999999999858e+01 2.773000000000000043e+01
6.821979749156521500e-01 4.131000000000000227e+01 2.776999999999999957e+01 5.542919258321901133e-01 4.064999999999999858e+01 2.773000000000000043e+01
6.727129170294070537e-01 4.114999999999999858e+01 2.776999999999999957e+01 5.542919258321901133e-01 4.064999999999999858e+01 2.773000000000000043e+01
6.694939318465484845e-01 4.128999999999999915e+01 2.775000000000000000e+01 5.542919258321901133e-01 4.064999999999999858e+01 2.773000000000000043e+01
6.761483665903582629e-01 4.145000000000000284e+01 2.776999999999999957e+01 5.542919258321901133e-01 4.064999999999999858e+01 2.773000000000000043e+01
5.628922668029359144e-01 4.127000000000000313e+01 2.780999999999999872e+01 5.542919258321901133e-01 4.064999999999999858e+01 2.773000000000000043e+01
6.730502954315409347e-01 4.117000000000000171e+01 2.782999999999999829e+01 5.683919251490739954e-01 4.103000000000000114e+01 2.782999999999999829e+01
6.730733059004581076e-01 4.127000000000000313e+01 2.780999999999999872e+01 5.683919251490739954e-01 4.103000000000000114e+01 2.782999999999999829e+01
6.703473780820166095e-01 4.142999999999999972e+01 2.782999999999999829e+01 5.683919251490739954e-01 4.103000000000000114e+01 2.782999999999999829e+01
6.775700779578918143e-01 4.118999999999999773e+01 2.780999999999999872e+01 5.683919251490739954e-01 4.103000000000000114e+01 2.782999999999999829e+01
6.688051299122506066e-01 4.136999999999999744e+01 2.780999999999999872e+01 5.683919251490739954e-01 4.103000000000000114e+01 2.782999999999999829e+01
6.567656164932442753e-01 4.153000000000000114e+01 2.780999999999999872e+01 5.683919251490739954e-01 4.103000000000000114e+01 2.782999999999999829e+01
6.728367788078740697e-01 4.142999999999999972e+01 2.775000000000000000e+01 5.683919251490739954e-01 4.103000000000000114e+01 2.782999999999999829e+01
6.746421188524841517e-01 4.164999999999999858e+01 2.780999999999999872e+01 5.683919251490739954e-01 4.103000000000000114e+01 2.782999999999999829e+01
6.646895919795013929e-01 4.154999999999999716e+01 2.776999999999999957e+01 5.683919251490739954e-01 4.103000000000000114e+01 2.782999999999999829e+01
6.734002346916392323e-01 4.146999999999999886e+01 2.782999999999999829e+01 5.683919251490739954e-01 4.103000000000000114e+01 2.782999999999999829e+01
6.728841106621817891e-01 4.146999999999999886e+01 2.780999999999999872e+01 5.683919251490739954e-01 4.103000000000000114e+01 2.782999999999999829e+01
6.837148060151880813e-01 4.135000000000000142e+01 2.780999999999999872e+01 5.683919251490739954e-01 4.103000000000000114e+01 2.782999999999999829e+01
5.645855501057360781e-01 4.157000000000000028e+01 2.782999999999999829e+01 5.683919251490739954e-01 4.103000000000000114e+01 2.782999999999999829e+01
6.774982406939796808e-01 4.159000000000000341e+01 2.782999999999999829e+01 5.634912133077555341e-01 4.117000000000000171e+01 2.782999999999999829e+01
6.744869764053877947e-01 4.139000000000000057e+01 2.780999999999999872e+01 5.634912133077555341e-01 4.117000000000000171e+01 2.782999999999999829e+01
6.704103292816243620e-01 4.146999999999999886e+01 2.782999999999999829e+01 5.634912133077555341e-01 4.117000000000000171e+01 2.782999999999999829e+01
6.810695088557676691e-01 4.135000000000000142e+01 2.780999999999999872e+01 5.634912133077555341e-01 4.117000000000000171e+01 2.782999999999999829e+01
6.743026431858966108e-01 4.157000000000000028e+01 2.780999999999999872e+01 5.634912133077555341e-01 4.117000000000000171e+01 2.782999999999999829e+01
6.802669232884932526e-01 4.164999999999999858e+01 2.782999999999999829e+01 5.634912133077555341e-01 4.117000000000000171e+01 2.782999999999999829e+01
7.198156668505921729e-01 4.159000000000000341e+01 2.780999999999999872e+01 5.634912133077555341e-01 4.117000000000000171e+01 2.782999999999999829e+01
6.781839919949746998e-01 4.149000000000000199e+01 2.782999999999999829e+01 5.634912133077555341e-01 4.117000000000000171e+01 2.782999999999999829e+01
6.811398537266760700e-01 4.146999999999999886e+01 2.780999999999999872e+01 5.634912133077555341e-01 4.117000000000000171e+01 2.782999999999999829e+01
6.726998224488522915e-01 4.153000000000000114e+01 2.780999999999999872e+01 5.634912133077555341e-01 4.117000000000000171e+01 2.782999999999999829e+01
6.740677233512311073e-01 4.159000000000000341e+01 2.780999999999999872e+01 5.634912133077555341e-01 4.117000000000000171e+01 2.782999999999999829e+01
6.835169156814813185e-01 4.175000000000000000e+01 2.782999999999999829e+01 5.634912133077555341e-01 4.117000000000000171e+01 2.782999999999999829e+01
5.636079753645145685e-01 4.171000000000000085e+01 2.780999999999999872e+01 5.634912133077555341e-01 4.117000000000000171e+01 2.782999999999999829e+01
6.744447634207871856e-01 4.159000000000000341e+01 2.782999999999999829e+01 5.643591821711062551e-01 4.128999999999999915e+01 2.785000000000000142e+01
6.747968241496629105e-01 4.185000000000000142e+01 2.780999999999999872e+01 5.643591821711062551e-01 4.128999999999999915e+01 2.785000000000000142e+01
6.725831493247602655e-01 4.175000000000000000e+01 2.782999999999999829e+01 5.643591821711062551e-01 4.128999999999999915e+01 2.785000000000000142e+01
6.794669667334441998e-01 4.159000000000000341e+01 2.776999999999999957e+01 5.643591821711062551e-01 4.128999999999999915e+01 2.785000000000000142e+01
6.750605872545873964e-01 4.153000000000000114e+01 2.780999999999999872e+01 5.643591821711062551e-01 4.128999999999999915e+01 2.785000000000000142e+01
6.728243661097808026e-01 4.146999999999999886e+01 2.780999999999999872e+01 5.643591821711062551e-01 4.128999999999999915e+01 2.785000000000000142e+01
6.798091842229868620e-01 4.163000000000000256e+01 2.776999999999999957e+01 5.643591821711062551e-01 4.128999999999999915e+01 2.785000000000000142e+01
6.892381396094041657e-01 4.182999999999999829e+01 2.782999999999999829e+01 5.643591821711062551e-01 4.128999999999999915e+01 2.785000000000000142e+01
6.864546751827566018e-01 4.157000000000000028e+01 2.780999999999999872e+01 5.643591821711062551e-01 4.128999999999999915e+01 2.785000000000000142e+01
6.741428285567891976e-01 4.163000000000000256e+01 2.785000000000000142e+01 5.643591821711062551e-01 4.128999999999999915e+01 2.785000000000000142e+01
6.833950563039168369e-01 4.163000000000000256e+01 2.776999999999999957e+01 5.643591821711062551e-01 4.128999999999999915e+01 2.785000000000000142e+01
6.808849779659154056e-01 4.163000000000000256e+01 2.780999999999999872e+01 5.643591821711062551e-01 4.128999999999999915e+01 2.785000000000000142e+01
5.640928599763184170e-01 4.171000000000000085e+01 2.776999999999999957e+01 5.643591821711062551e-01 4.128999999999999915e+01 2.785000000000000142e+01
6.782146297954214642e-01 4.128999999999999915e+01 2.775000000000000000e+01 5.657801472164915024e-01 4.139000000000000057e+01 2.773000000000000043e+01
6.758594282161882738e-01 4.171000000000000085e+01 2.775000000000000000e+01 5.657801472164915024e-01 4.139000000000000057e+01 2.773000000000000043e+01
6.706618246109044001e-01 4.136999999999999744e+01 2.775000000000000000e+01 5.657801472164915024e-01 4.139000000000000057e+01 2.773000000000000043e+01
6.849253155858027187e-01 4.177000000000000313e+01 2.773000000000000043e+01 5.657801472164915024e-01 4.139000000000000057e+01 2.773000000000000043e+01
6.661671240340641953e-01 4.149000000000000199e+01 2.771000000000000085e+01 5.657801472164915024e-01 4.139000000000000057e+01 2.773000000000000043e+01
6.695858324118827420e-01 4.153000000000000114e+01 2.775000000000000000e+01 5.657801472164915024e-01 4.139000000000000057e+01 2.773000000000000043e+01
6.795539203336012912e-01 4.175000000000000000e+01 2.771000000000000085e+01 5.657801472164915024e-01 4.139000000000000057e+01 2.773000000000000043e+01
6.849151326317611810e-01 4.185000000000000142e+01 2.775000000000000000e+01 5.657801472164915024e-01 4.139000000000000057e+01 2.773000000000000043e+01
7.004505313908268027e-01 4.181000000000000227e+01 2.775000000000000000e+01 5.657801472164915024e-01 4.139000000000000057e+01 2.773000000000000043e+01
6.732904025627458600e-01 4.163000000000000256e+01 2.771000000000000085e+01 5.657801472164915024e-01 4.139000000000000057e+01 2.773000000000000043e+01
6.797307498072027165e-01 4.163000000000000256e+01 2.773000000000000043e+01 5.657801472164915024e-01 4.139000000000000057e+01 2.773000000000000043e+01
6.783008418569891340e-01 4.182999999999999829e+01 2.773000000000000043e+01 5.657801472164915024e-01 4.139000000000000057e+01 2.773000000000000043e+01
5.631011111480669351e-01 4.177000000000000313e+01 2.773000000000000043e+01 5.657801472164915024e-01 4.139000000000000057e+01 2.773000000000000043e+01
6.738289120390006381e-01 4.177000000000000313e+01 2.775000000000000000e+01 5.623276630741228521e-01 4.153000000000000114e+01 2.775000000000000000e+01
6.743185234573784159e-01 4.167000000000000171e+01 2.775000000000000000e+01 5.623276630741228521e-01 4.153000000000000114e+01 2.775000000000000000e+01
6.675295000090085695e-01 4.175000000000000000e+01 2.773000000000000043e+01 5.623276630741228521e-01 4.153000000000000114e+01 2.775000000000000000e+01
6.717848698817908693e-01 4.177000000000000313e+01 2.771000000000000085e+01 5.623276630741228521e-01 4.153000000000000114e+01 2.775000000000000000e+01
6.811019192178091597e-01 4.186999999999999744e+01 2.775000000000000000e+01 5.623276630741228521e-01 4.153000000000000114e+01 2.775000000000000000e+01
6.697916185360032193e-01 4.195000000000000284e+01 2.773000000000000043e+01 5.623276630741228521e-01 4.153000000000000114e+01 2.775000000000000000e+01
6.719747959787726321e-01 4.171000000000000085e+01 2.773000000000000043e+01 5.623276630741228521e-01 4.153000000000000114e+01 2.775000000000000000e+01
6.799612357960037601e-01 4.185000000000000142e+01 2.775000000000000000e+01 5.623276630741228521e-01 4.153000000000000114e+01 2.775000000000000000e+01
6.641466299365544890e-01 4.177000000000000313e+01 2.775000000000000000e+01 5.623276630741228521e-01 4.153000000000000114e+01 2.775000000000000000e+01
6.741874014557919237e-01 4.177000000000000313e+01 2.771000000000000085e+01 5.623276630741228521e-01 4.153000000000000114e+01 2.775000000000000000e+01
6.803708758606437090e-01 4.186999999999999744e+01 2.771000000000000085e+01 5.623276630741228521e-01 4.153000000000000114e+01 2.775000000000000000e+01
6.748116262756831407e-01 4.177000000000000313e+01 2.773000000000000043e+01 5.623276630741228521e-01 4.153000000000000114e+01 2.775000000000000000e+01
5.638901995250772403e-01 4.192999999999999972e+01 2.767000000000000171e+01 5.623276630741228521e-01 4.153000000000000114e+01 2.775000000000000000e+01
6.817105645357671717e-01 4.164999999999999858e+01 2.771000000000000085e+01 5.637501929645283294e-01 4.171000000000000085e+01 2.771000000000000085e+01
6.750363037897536556e-01 4.200999999999999801e+01 2.767000000000000171e+01 5.637501929645283294e-01 4.171000000000000085e+01 2.771000000000000085e+01
6.697810247126898542e-01 4.185000000000000142e+01 2.767000000000000171e+01 5.637501929645283294e-01 4.171000000000000085e+01 2.771000000000000085e+01
6.813953477059860875e-01 4.172999999999999687e+01 2.769000000000000128e+01 5.637501929645283294e-01 4.171000000000000085e+01 2.771000000000000085e+01
6.664151061566003786e-01 4.192999999999999972e+01 2.764999999999999858e+01 5.637501929645283294e-01 4.171000000000000085e+01 2.771000000000000085e+01
6.679002015211027432e-01 4.203000000000000114e+01 2.767000000000000171e+01 5.637501929645283294e-01 4.171000000000000085e+01 2.771000000000000085e+01
6.787937324241820614e-01 4.182999999999999829e+01 2.769000000000000128e+01 5.637501929645283294e-01 4.171000000000000085e+01 2.771000000000000085e+01
6.713725854894359024e-01 4.190999999999999659e+01 2.767000000000000171e+01 5.637501929645283294e-01 4.171000000000000085e+01 2.771000000000000085e+01
6.886496571287109569e-01 4.172999999999999687e+01 2.767000000000000171e+01 5.637501929645283294e-01 4.171000000000000085e+01 2.771000000000000085e+01
6.742156458692010190e-01 4.203000000000000114e+01 2.767000000000000171e+01 5.637501929645283294e-01 4.171000000000000085e+01 2.771000000000000085e+01
6.735379863475551288e-01 4.195000000000000284e+01 2.767000000000000171e+01 5.637501929645283294e-01 4.171000000000000085e+01 2.771000000000000085e+01
6.792644368918695497e-01 4.185000000000000142e+01 2.764999999999999858e+01 5.637501929645283294e-01 4.171000000000000085e+01 2.771000000000000085e+01
5.644381887333970171e-01 4.181000000000000227e+01 2.764999999999999858e+01 5.637501929645283294e-01 4.171000000000000085e+01 2.771000000000000085e+01
6.782668340085071801e-01 4.200999999999999801e+01 2.767000000000000171e+01 5.640932938902634142e-01 4.171000000000000085e+01 2.767000000000000171e+01
6.741704644192066942e-01 4.177000000000000313e+01 2.767000000000000171e+01 5.640932938902634142e-01 4.171000000000000085e+01 2.767000000000000171e+01
6.687564932918903526e-01 4.182999999999999829e+01 2.769000000000000128e+01 5.640932938902634142e-01 4.171000000000000085e+01 2.767000000000000171e+01
6.798490280611249048e-01 4.186999999999999744e+01 2.767000000000000171e+01 5.640932938902634142e-01 4.171000000000000085e+01 2.767000000000000171e+01
6.754593186054723697e-01 4.200999999999999801e+01 2.767000000000000171e+01 5.640932938902634142e-01 4.171000000000000085e+01 2.767000000000000171e+01
6.694800174810496829e-01 4.200999999999999801e+01 2.767000000000000171e+01 5.640932938902634142e-01 4.171000000000000085e+01 2.767000000000000171e+01
6.801582052680554824e-01 4.200999999999999801e+01 2.767000000000000171e+01 5.640932938902634142e-01 4.171000000000000085e+01 2.767000000000000171e+01
7.021573723001336420e-01 4.203000000000000114e+01 2.769000000000000128e+01 5.640932938902634142e-01 4.171000000000000085e+01 2.767000000000000171e+01
6.852951735793624266e-01 4.185000000000000142e+01 2.769000000000000128e+01 5.640932938902634142e-01 4.171000000000000085e+01 2.767000000000000171e+01
6.779039518396415831e-01 4.181000000000000227e+01 2.764999999999999858e+01 5.640932938902634142e-01 4.171000000000000085e+01 2.767000000000000171e+01
6.809663138639278079e-01 4.192999999999999972e+01 2.767000000000000171e+01 5.640932938902634142e-01 4.171000000000000085e+01 2.767000000000000171e+01
6.876254408532227469e-01 4.185000000000000142e+01 2.769000000000000128e+01 5.640932938902634142e-01 4.171000000000000085e+01 2.767000000000000171e+01
5.654628230616882689e-01 4.195000000000000284e+01 2.767000000000000171e+01 5.640932938902634142e-01 4.171000000000000085e+01 2.767000000000000171e+01
6.754632162171695375e-01 4.185000000000000142e+01 2.769000000000000128e+01 5.652034176735838411e-01 4.164999999999999858e+01 2.767000000000000171e+01
7.000926579025744667e-01 4.190999999999999659e+01 2.767000000000000171e+01 5.652034176735838411e-01 4.164999999999999858e+01 2.767000000000000171e+01
6.698338116232568362e-01 4.192999999999999972e+01 2.769000000000000128e+01 5.652034176735838411e-01 4.164999999999999858e+01 2.767000000000000171e+01
6.713722179936699730e-01 4.181000000000000227e+01 2.769000000000000128e+01 5.652034176735838411e-01 4.164999999999999858e+01 2.767000000000000171e+01
6.827152481039964194e-01 4.186999999999999744e+01 2.767000000000000171e+01 5.652034176735838411e-01 4.164999999999999858e+01 2.767000000000000171e+01
6.693698016038808207e-01 4.192999999999999972e+01 2.767000000000000171e+01 5.652034176735838411e-01 4.164999999999999858e+01 2.767000000000000171e+01
6.781620711668121526e-01 4.192999999999999972e+01 2.771000000000000085e+01 5.652034176735838411e-01 4.164999999999999858e+01 2.767000000000000171e+01
6.806465286941338899e-01 4.175000000000000000e+01 2.769000000000000128e+01 5.652034176735838411e-01 4.164999999999999858e+01 2.767000000000000171e+01
6.652478497619948028e-01 4.177000000000000313e+01 2.767000000000000171e+01 5.652034176735838411e-01 4.164999999999999858e+01 2.767000000000000171e+01
6.739038043408773770e-01 4.181000000000000227e+01 2.769000000000000128e+01 5.652034176735838411e-01 4.164999999999999858e+01 2.767000000000000171e+01
6.723858048649864472e-01 4.186999999999999744e+01 2.771000000000000085e+01 5.652034176735838411e-01 4.164999999999999858e+01 2.767000000000000171e+01
6.783160669003323040e-01 4.203000000000000114e+01 2.769000000000000128e+01 5.652034176735838411e-01 4.164999999999999858e+01 2.767000000000000171e+01
5.636411736039482756e-01 4.190999999999999659e+01 2.769000000000000128e+01 5.652034176735838411e-01 4.164999999999999858e+01 2.767000000000000171e+01
6.710510120198210915e-01 4.192999999999999972e+01 2.771000000000000085e+01 5.619229903041691454e-01 4.154999999999999716e+01 2.769000000000000128e+01
6.729733806887300274e-01 4.163000000000000256e+01 2.769000000000000128e+01 5.619229903041691454e-01 4.154999999999999716e+01 2.769000000000000128e+01
6.703814177742964953e-01 4.175000000000000000e+01 2.769000000000000128e+01 5.619229903041691454e-01 4.154999999999999716e+01 2.769000000000000128e+01
6.778185273630402685e-01 4.200999999999999801e+01 2.771000000000000085e+01 5.619229903041691454e-01 4.154999999999999716e+01 2.769000000000000128e+01
6.724284668043345459e-01 4.181000000000000227e+01 2.769000000000000128e+01 5.619229903041691454e-01 4.154999999999999716e+01 2.769000000000000128e+01
6.738674941414625197e-01 4.181000000000000227e+01 2.771000000000000085e+01 5.619229903041691454e-01 4.154999999999999716e+01 2.769000000000000128e+01
6.734561445839440941e-01 4.192999999999999972e+01 2.773000000000000043e+01 5.619229903041691454e-01 4.154999999999999716e+01 2.769000000000000128e+01
6.810405787392174171e-01 4.200999999999999801e+01 2.771000000000000085e+01 5.619229903041691454e-01 4.154999999999999716e+01 2.769000000000000128e+01
6.843950118470977229e-01 4.175000000000000000e+01 2.773000000000000043e+01 5.619229903041691454e-01 4.154999999999999716e+01 2.769000000000000128e+01
6.730859007782088455e-01 4.196999999999999886e+01 2.771000000000000085e+01 5.619229903041691454e-01 4.154999999999999716e+01 2.769000000000000128e+01
6.796134901023078712e-01 4.192999999999999972e+01 2.771000000000000085e+01 5.619229903041691454e-01 4.154999999999999716e+01 2.769000000000000128e+01
6.795426687403625099e-01 4.213000000000000256e+01 2.773000000000000043e+01 5.619229903041691454e-01 4.154999999999999716e+01 2.769000000000000128e+01
5.634303419004088598e-01 4.186999999999999744e+01 2.771000000000000085e+01 5.619229903041691454e-01 4.154999999999999716e+01 2.769000000000000128e+01