# Total power, Object temperature, Ambient temperature, Idle power, Idle object, Idle ambient
# Iteration {iter}
# 
9.828853521871508958e-01 4.932999999999999829e+01 2.589000000000000057e+01 8.614629279933053718e-01 4.914999999999999858e+01 2.589000000000000057e+01
9.522514408992263091e-01 4.932999999999999829e+01 2.585000000000000142e+01 8.614629279933053718e-01 4.914999999999999858e+01 2.589000000000000057e+01
9.707791147556370515e-01 4.942999999999999972e+01 2.589000000000000057e+01 8.614629279933053718e-01 4.914999999999999858e+01 2.589000000000000057e+01
9.718991413003374991e-01 4.954999999999999716e+01 2.589000000000000057e+01 8.614629279933053718e-01 4.914999999999999858e+01 2.589000000000000057e+01
8.932704847451413688e-01 4.954999999999999716e+01 2.589000000000000057e+01 8.614629279933053718e-01 4.914999999999999858e+01 2.589000000000000057e+01
9.577370892151153559e-01 4.942999999999999972e+01 2.591000000000000014e+01 8.614629279933053718e-01 4.914999999999999858e+01 2.589000000000000057e+01
7.318712703999536995e-01 4.853000000000000114e+01 2.591000000000000014e+01 8.614629279933053718e-01 4.914999999999999858e+01 2.589000000000000057e+01
7.380822241977627041e-01 4.764999999999999858e+01 2.592999999999999972e+01 8.614629279933053718e-01 4.914999999999999858e+01 2.589000000000000057e+01
7.404320111735587240e-01 4.690999999999999659e+01 2.589000000000000057e+01 8.614629279933053718e-01 4.914999999999999858e+01 2.589000000000000057e+01
7.355216391150418698e-01 4.672999999999999687e+01 2.591000000000000014e+01 8.614629279933053718e-01 4.914999999999999858e+01 2.589000000000000057e+01
6.228076171064458322e-01 4.590999999999999659e+01 2.589000000000000057e+01 8.614629279933053718e-01 4.914999999999999858e+01 2.589000000000000057e+01
7.330123501487543214e-01 4.589000000000000057e+01 2.589000000000000057e+01 6.221013256544439818e-01 4.582999999999999829e+01 2.585000000000000142e+01
7.326998873663536083e-01 4.567000000000000171e+01 2.582999999999999829e+01 6.221013256544439818e-01 4.582999999999999829e+01 2.585000000000000142e+01
7.290353280066360631e-01 4.528999999999999915e+01 2.589000000000000057e+01 6.221013256544439818e-01 4.582999999999999829e+01 2.585000000000000142e+01
7.434904912081286010e-01 4.518999999999999773e+01 2.582999999999999829e+01 6.221013256544439818e-01 4.582999999999999829e+01 2.585000000000000142e+01
7.166925910059220861e-01 4.518999999999999773e+01 2.585000000000000142e+01 6.221013256544439818e-01 4.582999999999999829e+01 2.585000000000000142e+01
7.287231202641942795e-01 4.507000000000000028e+01 2.585000000000000142e+01 6.221013256544439818e-01 4.582999999999999829e+01 2.585000000000000142e+01
7.414263775266689560e-01 4.485000000000000142e+01 2.582999999999999829e+01 6.221013256544439818e-01 4.582999999999999829e+01 2.585000000000000142e+01
7.360559926898443406e-01 4.485000000000000142e+01 2.582999999999999829e+01 6.221013256544439818e-01 4.582999999999999829e+01 2.585000000000000142e+01
7.309162101882963336e-01 4.472999999999999687e+01 2.580999999999999872e+01 6.221013256544439818e-01 4.582999999999999829e+01 2.585000000000000142e+01
6.210903976473667321e-01 4.477000000000000313e+01 2.585000000000000142e+01 6.221013256544439818e-01 4.582999999999999829e+01 2.585000000000000142e+01
7.322589799441259206e-01 4.460999999999999943e+01 2.585000000000000142e+01 6.205647257373726466e-01 4.442999999999999972e+01 2.585000000000000142e+01
7.314613099643240135e-01 4.428999999999999915e+01 2.582999999999999829e+01 6.205647257373726466e-01 4.442999999999999972e+01 2.585000000000000142e+01
7.277969408666306039e-01 4.435000000000000142e+01 2.582999999999999829e+01 6.205647257373726466e-01 4.442999999999999972e+01 2.585000000000000142e+01
7.380053389059313407e-01 4.449000000000000199e+01 2.589000000000000057e+01 6.205647257373726466e-01 4.442999999999999972e+01 2.585000000000000142e+01
7.185922464832669165e-01 4.428999999999999915e+01 2.585000000000000142e+01 6.205647257373726466e-01 4.442999999999999972e+01 2.585000000000000142e+01
7.294058405547877433e-01 4.453000000000000114e+01 2.582999999999999829e+01 6.205647257373726466e-01 4.442999999999999972e+01 2.585000000000000142e+01
7.408167552063238404e-01 4.418999999999999773e+01 2.585000000000000142e+01 6.205647257373726466e-01 4.442999999999999972e+01 2.585000000000000142e+01
7.307675414818722848e-01 4.422999999999999687e+01 2.582999999999999829e+01 6.205647257373726466e-01 4.442999999999999972e+01 2.585000000000000142e+01
7.316685326034650938e-01 4.418999999999999773e+01 2.580999999999999872e+01 6.205647257373726466e-01 4.442999999999999972e+01 2.585000000000000142e+01
6.205107101977248574e-01 4.400999999999999801e+01 2.582999999999999829e+01 6.205647257373726466e-01 4.442999999999999972e+01 2.585000000000000142e+01
7.315287016762412886e-01 4.403000000000000114e+01 2.580999999999999872e+01 6.203468665553832917e-01 4.390999999999999659e+01 2.580999999999999872e+01
7.304889847085181964e-01 4.389000000000000057e+01 2.585000000000000142e+01 6.203468665553832917e-01 4.390999999999999659e+01 2.580999999999999872e+01
7.240024180444198931e-01 4.400999999999999801e+01 2.582999999999999829e+01 6.203468665553832917e-01 4.390999999999999659e+01 2.580999999999999872e+01
7.238008719267297053e-01 4.400999999999999801e+01 2.582999999999999829e+01 6.203468665553832917e-01 4.390999999999999659e+01 2.580999999999999872e+01
7.607104927814642981e-01 4.389000000000000057e+01 2.578999999999999915e+01 6.203468665553832917e-01 4.390999999999999659e+01 2.580999999999999872e+01
7.277624321823751297e-01 4.371000000000000085e+01 2.582999999999999829e+01 6.203468665553832917e-01 4.390999999999999659e+01 2.580999999999999872e+01
7.450105319694699801e-01 4.390999999999999659e+01 2.580999999999999872e+01 6.203468665553832917e-01 4.390999999999999659e+01 2.580999999999999872e+01
7.405937773083324238e-01 4.392999999999999972e+01 2.578999999999999915e+01 6.203468665553832917e-01 4.390999999999999659e+01 2.580999999999999872e+01
7.291456191372152063e-01 4.382999999999999829e+01 2.582999999999999829e+01 6.203468665553832917e-01 4.390999999999999659e+01 2.580999999999999872e+01
6.216017647958956838e-01 4.396999999999999886e+01 2.580999999999999872e+01 6.203468665553832917e-01 4.390999999999999659e+01 2.580999999999999872e+01
7.303229463103492192e-01 4.359000000000000341e+01 2.580999999999999872e+01 6.206075239458221926e-01 4.342999999999999972e+01 2.580999999999999872e+01
7.314491786765449088e-01 4.367000000000000171e+01 2.578999999999999915e+01 6.206075239458221926e-01 4.342999999999999972e+01 2.580999999999999872e+01
7.265764843392920058e-01 4.367000000000000171e+01 2.580999999999999872e+01 6.206075239458221926e-01 4.342999999999999972e+01 2.580999999999999872e+01
7.372226547938940389e-01 4.372999999999999687e+01 2.578999999999999915e+01 6.206075239458221926e-01 4.342999999999999972e+01 2.580999999999999872e+01
7.306925357491284023e-01 4.367000000000000171e+01 2.580999999999999872e+01 6.206075239458221926e-01 4.342999999999999972e+01 2.580999999999999872e+01
7.272300327616525450e-01 4.368999999999999773e+01 2.580999999999999872e+01 6.206075239458221926e-01 4.342999999999999972e+01 2.580999999999999872e+01
7.457170388088898427e-01 4.349000000000000199e+01 2.580999999999999872e+01 6.206075239458221926e-01 4.342999999999999972e+01 2.580999999999999872e+01
7.368145378419311831e-01 4.368999999999999773e+01 2.580999999999999872e+01 6.206075239458221926e-01 4.342999999999999972e+01 2.580999999999999872e+01
7.290890028158174552e-01 4.340999999999999659e+01 2.582999999999999829e+01 6.206075239458221926e-01 4.342999999999999972e+01 2.580999999999999872e+01
6.221575558415625151e-01 4.368999999999999773e+01 2.580999999999999872e+01 6.206075239458221926e-01 4.342999999999999972e+01 2.580999999999999872e+01
7.339352904771312414e-01 4.350999999999999801e+01 2.582999999999999829e+01 6.199972334584757938e-01 4.310999999999999943e+01 2.580999999999999872e+01
7.320306370341478353e-01 4.336999999999999744e+01 2.580999999999999872e+01 6.199972334584757938e-01 4.310999999999999943e+01 2.580999999999999872e+01
7.297198222801597467e-01 4.346999999999999886e+01 2.576999999999999957e+01 6.199972334584757938e-01 4.310999999999999943e+01 2.580999999999999872e+01
7.396829595203765484e-01 4.342999999999999972e+01 2.580999999999999872e+01 6.199972334584757938e-01 4.310999999999999943e+01 2.580999999999999872e+01
7.321295306745115861e-01 4.328999999999999915e+01 2.578999999999999915e+01 6.199972334584757938e-01 4.310999999999999943e+01 2.580999999999999872e+01
7.291644635048584178e-01 4.360999999999999943e+01 2.580999999999999872e+01 6.199972334584757938e-01 4.310999999999999943e+01 2.580999999999999872e+01
7.444471404763801647e-01 4.336999999999999744e+01 2.578999999999999915e+01 6.199972334584757938e-01 4.310999999999999943e+01 2.580999999999999872e+01
7.334617955871112205e-01 4.342999999999999972e+01 2.580999999999999872e+01 6.199972334584757938e-01 4.310999999999999943e+01 2.580999999999999872e+01
7.294998079150349923e-01 4.332999999999999829e+01 2.582999999999999829e+01 6.199972334584757938e-01 4.310999999999999943e+01 2.580999999999999872e+01
6.190193066015047263e-01 4.357000000000000028e+01 2.582999999999999829e+01 6.199972334584757938e-01 4.310999999999999943e+01 2.580999999999999872e+01
7.344717256854158549e-01 4.328999999999999915e+01 2.585000000000000142e+01 6.182074962731501921e-01 4.332999999999999829e+01 2.585000000000000142e+01
7.290345872783325909e-01 4.328999999999999915e+01 2.585000000000000142e+01 6.182074962731501921e-01 4.332999999999999829e+01 2.585000000000000142e+01
7.246922327789381280e-01 4.332999999999999829e+01 2.589000000000000057e+01 6.182074962731501921e-01 4.332999999999999829e+01 2.585000000000000142e+01
7.367563758485138337e-01 4.340999999999999659e+01 2.591000000000000014e+01 6.182074962731501921e-01 4.332999999999999829e+01 2.585000000000000142e+01
7.292857941865160676e-01 4.332999999999999829e+01 2.589000000000000057e+01 6.182074962731501921e-01 4.332999999999999829e+01 2.585000000000000142e+01
7.249260318229950872e-01 4.332999999999999829e+01 2.591000000000000014e+01 6.182074962731501921e-01 4.332999999999999829e+01 2.585000000000000142e+01
7.450750295864217998e-01 4.332999999999999829e+01 2.591000000000000014e+01 6.182074962731501921e-01 4.332999999999999829e+01 2.585000000000000142e+01
7.341411871713700021e-01 4.336999999999999744e+01 2.591000000000000014e+01 6.182074962731501921e-01 4.332999999999999829e+01 2.585000000000000142e+01
7.307899896409160156e-01 4.332999999999999829e+01 2.589000000000000057e+01 6.182074962731501921e-01 4.332999999999999829e+01 2.585000000000000142e+01
6.193947025543096174e-01 4.321000000000000085e+01 2.592999999999999972e+01 6.182074962731501921e-01 4.332999999999999829e+01 2.585000000000000142e+01
7.297101717493699180e-01 4.309000000000000341e+01 2.591000000000000014e+01 6.188158541365647025e-01 4.296999999999999886e+01 2.592999999999999972e+01
7.283693144179839152e-01 4.317000000000000171e+01 2.592999999999999972e+01 6.188158541365647025e-01 4.296999999999999886e+01 2.592999999999999972e+01
7.267448040579805868e-01 4.303000000000000114e+01 2.592999999999999972e+01 6.188158541365647025e-01 4.296999999999999886e+01 2.592999999999999972e+01
7.414417811307881800e-01 4.299000000000000199e+01 2.592999999999999972e+01 6.188158541365647025e-01 4.296999999999999886e+01 2.592999999999999972e+01
7.229128017058691347e-01 4.307000000000000028e+01 2.592999999999999972e+01 6.188158541365647025e-01 4.296999999999999886e+01 2.592999999999999972e+01
7.254249682225731855e-01 4.318999999999999773e+01 2.591000000000000014e+01 6.188158541365647025e-01 4.296999999999999886e+01 2.592999999999999972e+01
7.444310971695302648e-01 4.299000000000000199e+01 2.592999999999999972e+01 6.188158541365647025e-01 4.296999999999999886e+01 2.592999999999999972e+01
7.278648184349528760e-01 4.317000000000000171e+01 2.592999999999999972e+01 6.188158541365647025e-01 4.296999999999999886e+01 2.592999999999999972e+01
7.776407649051594317e-01 4.299000000000000199e+01 2.592999999999999972e+01 6.188158541365647025e-01 4.296999999999999886e+01 2.592999999999999972e+01
6.196741423487562850e-01 4.318999999999999773e+01 2.591000000000000014e+01 6.188158541365647025e-01 4.296999999999999886e+01 2.592999999999999972e+01
7.280299048767626680e-01 4.290999999999999659e+01 2.591000000000000014e+01 6.190741269668351698e-01 4.290999999999999659e+01 2.592999999999999972e+01
7.307963836831565807e-01 4.282999999999999829e+01 2.591000000000000014e+01 6.190741269668351698e-01 4.290999999999999659e+01 2.592999999999999972e+01
7.241475553487698447e-01 4.300999999999999801e+01 2.591000000000000014e+01 6.190741269668351698e-01 4.290999999999999659e+01 2.592999999999999972e+01
7.344963424604404878e-01 4.300999999999999801e+01 2.591000000000000014e+01 6.190741269668351698e-01 4.290999999999999659e+01 2.592999999999999972e+01
7.299506193764236928e-01 4.290999999999999659e+01 2.592999999999999972e+01 6.190741269668351698e-01 4.290999999999999659e+01 2.592999999999999972e+01
7.268552021720842138e-01 4.299000000000000199e+01 2.591000000000000014e+01 6.190741269668351698e-01 4.290999999999999659e+01 2.592999999999999972e+01
7.849557831154946319e-01 4.313000000000000256e+01 2.591000000000000014e+01 6.190741269668351698e-01 4.290999999999999659e+01 2.592999999999999972e+01
7.285164451301919808e-01 4.307000000000000028e+01 2.589000000000000057e+01 6.190741269668351698e-01 4.290999999999999659e+01 2.592999999999999972e+01
7.291961433638420864e-01 4.309000000000000341e+01 2.591000000000000014e+01 6.190741269668351698e-01 4.290999999999999659e+01 2.592999999999999972e+01
6.209834336067551197e-01 4.327000000000000313e+01 2.591000000000000014e+01 6.190741269668351698e-01 4.290999999999999659e+01 2.592999999999999972e+01
7.330386815820620905e-01 4.277000000000000313e+01 2.591000000000000014e+01 6.204014573863507742e-01 4.281000000000000227e+01 2.592999999999999972e+01
7.312880291586472126e-01 4.300999999999999801e+01 2.592999999999999972e+01 6.204014573863507742e-01 4.281000000000000227e+01 2.592999999999999972e+01
7.258078366476279353e-01 4.299000000000000199e+01 2.591000000000000014e+01 6.204014573863507742e-01 4.281000000000000227e+01 2.592999999999999972e+01
7.388950965709373264e-01 4.307000000000000028e+01 2.589000000000000057e+01 6.204014573863507742e-01 4.281000000000000227e+01 2.592999999999999972e+01
7.311770326165697442e-01 4.307000000000000028e+01 2.591000000000000014e+01 6.204014573863507742e-01 4.281000000000000227e+01 2.592999999999999972e+01
7.285383235401875490e-01 4.296999999999999886e+01 2.589000000000000057e+01 6.204014573863507742e-01 4.281000000000000227e+01 2.592999999999999972e+01
7.630280018069063308e-01 4.289000000000000057e+01 2.589000000000000057e+01 6.204014573863507742e-01 4.281000000000000227e+01 2.592999999999999972e+01
7.335659989374364587e-01 4.278999999999999915e+01 2.591000000000000014e+01 6.204014573863507742e-01 4.281000000000000227e+01 2.592999999999999972e+01
7.347357206821891751e-01 4.278999999999999915e+01 2.589000000000000057e+01 6.204014573863507742e-01 4.281000000000000227e+01 2.592999999999999972e+01
6.195698874253461330e-01 4.289000000000000057e+01 2.589000000000000057e+01 6.204014573863507742e-01 4.281000000000000227e+01 2.592999999999999972e+01