-0.00037581533122650677,6.133036073984397e-05
-6.574718765909809e-05,-0.0009141764454120315
-0.004120172936981815,-0.001227208015306219
0.010794513988062249,-2.741578397363643e-05
-0.017936184575383547,-0.005353774609975206
0.02541974488002842,0.010809650533983669
-0.02933389699370116,-0.015759984539931514
0.02836696632713642,0.02078325758382737
-0.023519015163676434,-0.021633993614591604
0.014162471315952552,0.022021530266716643
-6.574718765909763e-05,-0.000914176445412031
-0.0007682951453348,0.0019114482332421936
0.0050069888557150374,0.001288295556913704
-0.014984119045362745,0.004311475424653743
0.019223341712930796,-0.0009857828870263397
-0.02646989241930043,-0.007413243064736834
0.03353471537357843,0.014477685928669685
-0.03598031969692446,-0.019855525203199872
0.03252488975938152,0.020816162614797573
-0.023519015163676497,-0.021633993614591555
-0.004120172936981815,-0.0012272080153062194
0.005006988855715037,0.0012882955569137047
-0.008517099008611468,-0.003231674545232415
0.01843238026565381,-0.0014567066874368658
-0.025553450566037902,0.00581502854641716
0.02685570955415447,-0.0003679694441776065
-0.032111353710882876,-0.0101240360074904
0.037205258800329905,0.017901983492653373
-0.03598031969692448,-0.019855525203199824
0.028366966327136495,0.020783257583827264
0.010794513988062249,-2.7415783973636993e-05
-0.014984119045362745,0.004311475424653743
0.018432380265653813,-0.0014567066874368666
-0.0075636465413711496,-0.003390355638177034
0.017562648498490343,-5.661611997297048e-05
-0.025866561966536403,0.004399759183430456
0.027345494276012593,0.0007350620743419124
-0.032111353710882855,-0.010124036007490523
0.0335347153735784,0.014477685928669727
-0.029333896993701165,-0.01575998453993151
-0.017936184575383547,-0.005353774609975206
0.0192233417129308,-0.0009857828870263401
-0.025553450566037906,0.00581502854641716
0.017562648498490343,-5.6616119972969894e-05
-0.008344072400216892,-0.004382129316829396
0.01827301752444547,0.000156393824155288
-0.025866561966536382,0.004399759183430488
0.02685570955415446,-0.00036796944417756387
-0.026469892419300412,-0.0074132430647368365
0.02541974488002843,0.010809650533983623
0.025419744880028426,0.01080965053398367
-0.02646989241930043,-0.007413243064736836
0.02685570955415447,-0.00036796944417760756
-0.025866561966536403,0.004399759183430459
0.01827301752444547,0.00015639382415528783
-0.008344072400216875,-0.004382129316829384
0.01756264849849034,-5.661611997300311e-05
-0.02555345056603791,0.005815028546417127
0.019223341712930782,-0.0009857828870263393
-0.01793618457538355,-0.00535377460997517
-0.02933389699370116,-0.015759984539931514
0.03353471537357843,0.014477685928669685
-0.032111353710882876,-0.010124036007490402
0.027345494276012596,0.0007350620743419118
-0.025866561966536382,0.004399759183430491
0.017562648498490343,-5.661611997300325e-05
-0.007563646541371147,-0.003390355638177033
0.018432380265653813,-0.0014567066874368114
-0.014984119045362738,0.004311475424653718
0.010794513988062252,-2.7415783973636017e-05
0.028366966327136423,0.020783257583827375
-0.03598031969692446,-0.019855525203199872
0.037205258800329905,0.017901983492653373
-0.032111353710882855,-0.010124036007490525
0.02685570955415446,-0.0003679694441775643
-0.02555345056603791,0.005815028546417126
0.018432380265653813,-0.001456706687436812
-0.008517099008611466,-0.00323167454523241
0.005006988855715011,0.001288295556913699
-0.004120172936981798,-0.0012272080153062069
-0.023519015163676438,-0.021633993614591604
0.03252488975938153,0.020816162614797566
-0.03598031969692448,-0.019855525203199824
0.0335347153735784,0.014477685928669728
-0.026469892419300416,-0.007413243064736837
0.019223341712930782,-0.0009857828870263384
-0.014984119045362744,0.004311475424653719
0.005006988855715012,0.0012882955569136984
-0.0007682951453347982,0.0019114482332421977
-6.574718765909903e-05,-0.0009141764454120356
0.014162471315952552,0.022021530266716646
-0.0235190151636765,-0.021633993614591555
0.028366966327136495,0.020783257583827267
-0.02933389699370116,-0.015759984539931514
0.025419744880028433,0.010809650533983622
-0.017936184575383547,-0.005353774609975171
0.010794513988062252,-2.741578397363582e-05
-0.004120172936981799,-0.0012272080153062069
-6.5747187659099e-05,-0.0009141764454120361
-0.00037581533122650677,6.133036073984382e-05
0.0005382890997207368,0.0004252252375759715
-0.00038081985875173825,-0.0007394319781632323
0.002892039640662112,0.004463798750452845
-0.015694860124199933,0.008007870291452092
-0.005198230537954202,-0.02662359500368036
0.036437293666145315,0.017766168057907362
-0.03304452259385223,0.03161824277033152
-0.006323610606835899,-0.046397551739903155
0.05013802639237163,0.02128680664396406
-0.03979969592666967,0.03666604113116841
-0.0003808198587517339,-0.000739431978163234
7.7731817816281e-05,0.0005472308332715448
0.003974251735551939,-0.008362625873518442
0.021466419451759654,0.013616053428746699
-0.027609588309945823,0.015067023458077835
-0.009769339478713543,-0.04013362225816321
0.04525539440269066,0.022442582050789514
-0.040715727001589465,0.03798729050665564
-0.008437838603026104,-0.05136973231342892
0.050138026392371825,0.021286806643963763
0.002892039640662103,0.004463798750452844
0.00397425173555194,-0.008362625873518438
0.002371676915292503,-0.023900641134799033
0.007155625372130022,-0.026566598761530055
0.029127272381635264,0.020165830179861143
-0.03576851253738966,0.019932720503206453
-0.007893099225586989,-0.04736432815825366
0.05063118685161418,0.024796711092690535
-0.04071572700158946,0.03798729050665573
-0.006323610606836302,-0.04639755173990308
-0.015694860124199933,0.00800787029145209
0.021466419451759658,0.013616053428746697
0.0071556253721300166,-0.02656659876153005
0.0007986420259879449,-0.02600719840827772
0.007806175635974859,-0.02652195559136037
0.030914186529429538,0.02157781703206264
-0.036696738492874026,0.01802299564177951
-0.007893099225586547,-0.04736432815825377
0.04525539440269072,0.022442582050789688
-0.03304452259385223,0.031618242770331526
-0.005198230537954199,-0.02662359500368036
-0.027609588309945827,0.015067023458077838
0.02912727238163526,0.02016583017986115
0.0078061756359748555,-0.02652195559136037
0.0016016758266896112,-0.02458642944585884
0.005845786059457908,-0.027598259756399363
0.030914186529429635,0.021577817032062553
-0.03576851253738989,0.019932720503206228
-0.009769339478713578,-0.040133622258163096
0.03643729366614541,0.017766168057907206
0.036437293666145315,0.01776616805790736
-0.009769339478713541,-0.04013362225816321
-0.03576851253738966,0.019932720503206453
0.030914186529429538,0.02157781703206264
0.005845786059457907,-0.027598259756399353
0.0016016758266897638,-0.024586429445858843
0.007806175635974754,-0.026521955591360395
0.029127272381635243,0.020165830179861226
-0.027609588309945945,0.015067023458077845
-0.005198230537954351,-0.02662359500368033
-0.03304452259385223,0.031618242770331526
0.04525539440269066,0.022442582050789518
-0.007893099225586989,-0.04736432815825366
-0.036696738492874026,0.01802299564177951
0.03091418652942963,0.021577817032062553
0.007806175635974749,-0.026521955591360395
0.0007986420259879379,-0.026007198408277737
0.007155625372130223,-0.026566598761530003
0.021466419451759602,0.013616053428746723
-0.01569486012419993,0.008007870291452094
-0.006323610606835896,-0.04639755173990316
-0.04071572700158946,0.03798729050665564
0.050631186851614184,0.02479671109269053
-0.007893099225586543,-0.047364328158253755
-0.03576851253738989,0.019932720503206224
0.029127272381635247,0.02016583017986123
0.007155625372130221,-0.026566598761530003
0.002371676915292438,-0.023900641134799172
0.003974251735552002,-0.008362625873518381
0.0028920396406621465,0.004463798750452904
0.050138026392371624,0.02128680664396406
-0.008437838603026104,-0.05136973231342892
-0.04071572700158946,0.03798729050665573
0.04525539440269072,0.02244258205078969
-0.009769339478713574,-0.0401336222581631
-0.027609588309945948,0.015067023458077847
0.021466419451759602,0.013616053428746727
0.003974251735552007,-0.008362625873518381
7.773181781619079e-05,0.0005472308332715526
-0.0003808198587516723,-0.0007394319781632748
-0.03979969592666967,0.036666041131168406
0.05013802639237183,0.021286806643963763
-0.0063236106068363,-0.04639755173990307
-0.03304452259385223,0.031618242770331526
0.0364372936661454,0.017766168057907206
-0.005198230537954353,-0.026623595003680323
-0.015694860124199926,0.008007870291452095
0.0028920396406621534,0.0044637987504529035
-0.00038081985875167406,-0.0007394319781632739
0.0005382890997207368,0.00042522523757598275
0.0006331668810798778,0.00199336852280141
0.0009473254247325275,0.004880084645566241
0.01238498802610737,-0.006507229990647477
0.00652770929881547,-0.03700186671560686
0.044817229399409804,-0.02608820710821482
0.04179973755521052,0.0334587694920168
0.020520686880731574,0.042553654915954066
-0.037531279528590825,0.06022833969837895
-0.05767966731006173,0.02114230541099381
-0.0501161430074433,-0.03719260575088376
0.0009473254247325293,0.004880084645566241
0.00379344868197226,-0.002021952323833332
-0.020362299766032536,-0.002164129181925904
-0.06280202349557742,-0.01982227063500559
-0.014313690939362227,-0.08067692295476349
0.06613076066701438,-0.029818859119473944
0.05402918641529278,0.03804928770032609
0.024997167923540377,0.055473698712344865
-0.036045712415085404,0.06549060437933366
-0.05767966731006132,0.021142305410994603
0.01238498802610737,-0.006507229990647477
-0.02036229976603255,-0.002164129181925904
-0.009385039317716594,0.021471659804873304
-0.03993210813530924,0.023650602705470897
-0.08020126321009834,-0.04929780732590665
-0.0006606372572936349,-0.08345783400331688
0.07778915889458968,-0.03393815560276496
0.0601215781991159,0.0428054417710871
0.024997167923541154,0.05547369871234427
-0.037531279528589825,0.0602283396983794
0.00652770929881547,-0.03700186671560685
-0.06280202349557742,-0.019822270635005593
-0.03993210813530923,0.0236506027054709
0.003870707152793501,0.016695521467185528
-0.04493984458601952,0.027603608313620773
-0.07522549075302774,-0.05015364825608305
-0.002568244792763906,-0.08351192558885134
0.07778915889458998,-0.033938155602764
0.05402918641529257,0.03804928770032659
0.020520686880731567,0.04255365491595406
0.04481722939940981,-0.02608820710821482
-0.014313690939362233,-0.08067692295476347
-0.08020126321009834,-0.04929780732590665
-0.04493984458601952,0.02760360831362077
0.0020237519074099717,0.022676975072662912
-0.04491879243463767,0.02650778557915895
-0.07522549075302798,-0.05015364825608287
-0.0006606372572933981,-0.08345783400331686
0.06613076066701475,-0.029818859119474198
0.04179973755521069,0.033458769492016524
0.04179973755521051,0.0334587694920168
0.06613076066701438,-0.029818859119473944
-0.0006606372572936399,-0.08345783400331688
-0.07522549075302774,-0.05015364825608305
-0.04491879243463768,0.026507785579158956
0.0020237519074100393,0.02267697507266289
-0.04493984458601956,0.02760360831362109
-0.08020126321009828,-0.0492978073259072
-0.014313690939362318,-0.0806769229547637
0.04481722939940968,-0.02608820710821515
0.02052068688073158,0.042553654915954066
0.05402918641529277,0.03804928770032609
0.07778915889458966,-0.033938155602764974
-0.0025682447927639048,-0.08351192558885134
-0.07522549075302798,-0.05015364825608287
-0.04493984458601955,0.027603608313621082
0.0038707071527934915,0.016695521467185524
-0.03993210813530927,0.023650602705470397
-0.06280202349557731,-0.019822270635005718
0.006527709298815465,-0.037001866715606846
-0.037531279528590825,0.06022833969837895
0.024997167923540384,0.055473698712344865
0.060121578199115885,0.0428054417710871
0.07778915889458998,-0.033938155602764
-0.0006606372572934025,-0.08345783400331686
-0.08020126321009828,-0.0492978073259072
-0.03993210813530927,0.0236506027054704
-0.009385039317716368,0.021471659804873887
-0.02036229976603251,-0.002164129181925593
0.012384988026107255,-0.006507229990647432
-0.057679667310061716,0.0211423054109938
-0.0360457124150854,0.06549060437933364
0.02499716792354116,0.05547369871234428
0.05402918641529257,0.038049287700326596
0.06613076066701473,-0.02981885911947419
-0.014313690939362316,-0.08067692295476368
-0.06280202349557731,-0.019822270635005718
-0.02036229976603251,-0.0021641291819255947
0.0037934486819725883,-0.0020219523238331205
0.0009473254247325648,0.004880084645566351
-0.0501161430074433,-0.03719260575088376
-0.05767966731006132,0.021142305410994603
-0.037531279528589825,0.060228339698379395
0.02052068688073156,0.04255365491595406
0.0417997375552107,0.03345876949201652
0.04481722939940968,-0.026088207108215154
0.006527709298815468,-0.037001866715606846
0.012384988026107257,-0.006507229990647429
0.0009473254247325631,0.004880084645566354
0.0006331668810798767,0.001993368522801411
