6.337660696944337e-05
-2.2562953439985036e-05
-0.00013108260417408725
-9.812339119451109e-05
2.8615082246000818e-05
2.7579477368077306e-05
-9.892401623920534e-05
-0.0001306565354147429
-2.2361214428902255e-05
6.311641649691856e-05
0.17367127218128617
0.17359608626942188
0.17343301423858984
0.17356548899584193
0.17349561622765866
0.17349431973890467
0.1735638147570215
0.17343389744131343
0.17359675385106926
0.17367093065160225
0.1980530900515891
0.1980466095556351
0.19798797732251855
0.19809737713080636
0.1980010543462081
0.19800002191296528
0.1980951110659768
0.1979880234804333
0.19804717896728885
0.19805275982085552
0.24385244402016734
0.2439758490636734
0.24387575325539237
0.2438410313912842
0.24392768563502165
0.24392685194009883
0.24384017885718431
0.24387462813196656
0.24397567009113932
0.24385242649137576
0.22135085178413968
0.22137629419488308
0.22138044399918952
0.22165945987113136
0.221610125941282
0.22160886573926966
0.22165809113169618
0.22137919857073116
0.22137577128765146
0.221351395311851
-0.00023426945821514614
4.386152035995046e-05
-8.801997758511098e-05
0.00011967731352849149
-2.8606651348672742e-05
-3.008326710666301e-05
0.00011763276006517742
-8.841180682410868e-05
4.225812599334252e-05
-0.0002333853868686637
-4.449099057003854e-05
8.751902616422046e-06
-0.00014566080608447883
-5.657264365822543e-05
5.4055936296742296e-05
5.394483166981453e-05
-5.748038591523237e-05
-0.0001451423712135756
8.124631233786004e-06
-4.480938887668913e-05
-0.00017327720314272657
5.230137853642233e-05
-3.9891196513775055e-05
-0.00015954275458316948
2.585871926942927e-05
2.591670870681234e-05
-0.00015955516735532318
-3.848900416505413e-05
5.182691770345632e-05
-0.00017479198473400098
-0.00027993741178549585
-8.664760060893384e-05
5.864902893845082e-05
-1.1886827046499009e-05
-0.0003200862611633582
-0.00032022156445884916
-1.2007606664991757e-05
5.9413119458947686e-05
-8.626330479664566e-05
-0.0002795246567752554
-0.0005559225631841723
8.921734514264424e-05
-0.0001881787886287214
0.00044110285989635087
-0.00026851325984083413
-0.00026823834988179987
0.0004417267601898466
-0.00018835936232472955
9.099339835317614e-05
-0.0005534498132181284
