0.00015549834703467328
-0.0025691013977443954
0.004558168546213506
-0.0026468423554829226
-0.0017431404980586913
-0.0017005186170016124
-0.002596102007041009
0.004574185907008238
-0.0023931902656280967
0.00032393884893574843
0.17588557069226313
0.16815561199391152
0.17538200616194147
0.17243345610314362
0.17300741407666026
0.17299848168641385
0.17244993614258255
0.17538523508488923
0.16812075495409531
0.17584498552706374
0.20606069754566222
0.18772218477652097
0.19658320699502047
0.20027460714915857
0.1953648854010275
0.19535757305399118
0.20024380189792382
0.19655830634418925
0.1877554679222496
0.2060794186650952
0.25826036789716295
0.2311910975779386
0.23619690916272015
0.24931538759502483
0.23809029966586068
0.2380894878100298
0.24929398236882308
0.23618468889149563
0.23119886970507555
0.25827364386730794
0.23889515205878475
0.20152371306468775
0.2075737356299379
0.22200395464157507
0.218895529791766
0.21891365393630519
0.22200262592074294
0.2075662576550892
0.2015182537577565
0.23888560912347334
0.019466373273188693
-0.019859630543470837
-0.012083573066383507
-0.004867364613330543
-0.00406902462570631
-0.00406731369954131
-0.004878790299271966
-0.012079094538982631
-0.019878122838496118
0.019458890004728318
0.016598964368760745
-0.021840468872212335
-0.013365691590727377
-0.009178307298776646
-0.00489073972450475
-0.004847611093703972
-0.009179195740636203
-0.013383601296998062
-0.02183290925541914
0.016605805968527426
0.010854578659447769
-0.01570256184656062
-0.007605086933923019
-0.009755095965192145
-0.009549097397491466
-0.009489764518021922
-0.009753478175922549
-0.007610423785908261
-0.01572695371227997
0.010847290233953439
0.003917778709837452
-0.005571667434647396
-0.005893410476282064
-0.007922210176064407
-0.010047242866075312
-0.010015234448144549
-0.007937702793718771
-0.00589850570733058
-0.005581848621848954
0.003922752225005494
-0.0017465676551666706
-0.0027351589278364306
-0.007911879026828108
-0.003502578972810022
-0.006922496422688976
-0.00691334984110644
-0.0035077659899437476
-0.007918467616080163
-0.002738145281533229
-0.0017530907885903568
