0.16476835747004684
0.22242763798134513
0.2525823447409352
0.23074699376109187
0.18455898615697486
0.17092678386348853
0.20443620885358854
0.24541163273425004
0.2457845810620983
0.1978177131894939
0.15143353707930135
0.16240248666392756
0.22403486064577904
0.26808753881927144
0.23696276048204917
0.1597487702651156
0.1121865828202692
0.13606974453154633
0.20084883568155334
0.23673295087540075
0.22278596197796482
0.19793800397992817
0.20114599843450337
0.21913570923476902
0.20885113928033863
0.16091491702181301
0.1181407473090467
0.12860283223591307
0.18995616602722587
0.2507982693542916
0.2580963721783088
0.2024142199854953
0.1331598107965818
0.11422403480389562
0.1577145070319755
0.20917391270370397
0.2178325635883721
0.18685902214888128
0.16695978035996856
0.19006197828267946
0.22584891784461714
0.22564930592727817
0.18726668386896575
0.1641198924766862
0.18591038360314804
0.21770092048276385
0.19574961426571322
0.11394198513868646
0.04333143907405965
0.0622952625266034
0.17893898941827505
0.3042755760760771
0.3366862788851003
0.25771295005434686
0.15607965582873068
0.12698874845283797
0.16485761580578934
0.19152895744491794
0.16065488510159312
0.1098065215403717
0.10924546182937107
0.16174699872791354
0.19563070564203452
0.16559035748148068
0.12511309256716135
0.15551460688054153
0.25647089801601575
0.3371806548047165
0.30633445737309695
0.18200472809655324
0.06582592214731196
0.04230282830023956
0.11052450404396609
0.19216085388543447
0.21511984529988612
0.18636892519634804
0.16801197559032374
0.18926449815373103
0.22280872132199306
0.22387128646329452
0.1896352712222255
0.16727772154230583
0.1867751402534837
0.21961376017579623
0.21108348774723426
0.1570144401508402
0.11356761625989431
0.13363920384401964
0.20518223960212223
0.2629795022549223
0.25366743939706876
0.18911217157726856
0.12604040841055494
0.11399486180531994
0.1577107975207072
0.20808033261612027
0.2198117559293503
0.20205390085253502
0.19628396373806983
0.2193215863440449
0.2350605879750007
0.20218974411613783
0.13834366524014718
0.11230347316357402
0.16087095259226258
0.2379114727697756
0.26619977199593564
0.22205044068355337
0.16114268738448936
0.15210105563696555
0.19970100828709064
0.24754840873440415
0.24479047366059425
0.20300830410078552
0.17065616033118122
0.18446612644782748
0.22927834599947813
0.2510847097907915
0.2234126940373169
0.1683228664841663
0.22583966566683006
0.2160920775218107
0.18850216668767267
0.17664129239404
0.1914051070545421
0.20817784644197876
0.205567191391191
0.1892179213675232
0.18078681612926562
0.19479150865725042
0.22136298550381656
0.23389996934657525
0.22177770068559227
0.19625899667343757
0.18137046519670585
0.18555234114022215
0.19135824752785183
0.18903888788073528
0.1798585532391935
0.17797317437037344
0.19672205663303283
0.22231634371407344
0.23399792926556343
0.23078456507177725
0.22143198464228164
0.2116432435036167
0.19773837866239397
0.17119371431524075
0.1407905012700349
0.12828076584592663
0.1451672029706778
0.1817256813365396
0.21767150364647447
0.24203282723697442
0.2476965920611549
0.22906396633212112
0.18580192377903415
0.1324235843645188
0.10672155265707414
0.13157752164301884
0.18525364291362792
0.21537549556354968
0.1887896946365123
0.1315856752040636
0.11076343950165123
0.15943573512737833
0.24181274410051365
0.2942789191589812
0.27631458859715585
0.20705875363658566
0.13801282901872852
0.09728394480427004
0.08750387415289693
0.11372376245178105
0.1864329844911068
0.28397401127147803
0.3405450829443174
0.3013241041210761
0.18022649310499841
0.07303197084542971
0.07285661135886022
0.17914088620975976
0.3000752741392615
0.3406638735375442
0.28362963792755536
0.18674536730744187
0.11475959973568717
0.08633874411114764
0.09773603180943657
0.14098874142130838
0.20793331793989114
0.27196840369964764
0.2919333978976885
0.24350672424758182
0.1599561712922103
0.11341630847726158
0.1341670589242994
0.18788766863450487
0.21462905635796117
0.18593427076706265
0.1325965384865188
0.10807323174835966
0.1313714757834384
0.18111274325094479
0.225292662807392
0.24591916137901462
0.2428465117149553
0.22032821030291186
0.18250241084111188
0.14604083934990694
0.1307641827379886
0.14275485489696654
0.16933726854188053
0.19409601495875237
0.21015915252660464
0.22204153023828307
0.2347438905080075
0.23769184401509627
0.2201102448997159
0.193299216186357
0.176508790631269
0.1776522068620463
0.19080399462401584
0.19435711107943732
0.18396218445097265
0.18118508333856598
0.1973044151621747
0.22260197228656134
0.23365913117599235
0.21758843885364362
0.1917328806683357
0.18055250517909127
0.19190514943116282
0.20802881966100714
0.20621752777300095
0.18884817873035178
0.17641941976799608
0.1898070693227012
0.21667355721600692
0.2244101450380683
0.17088753968562875
0.18292675584381152
0.17638292030111008
0.18466120524757268
0.21729129439126138
0.22932493547891603
0.21710395924006906
0.19086348378004905
0.18091690935576
0.20456593834774253
0.24444858310263562
0.2661082044587255
0.2519333547433519
0.21380291402120427
0.1818477449676232
0.1662291882269359
0.15799051165178887
0.15359858704631166
0.16125259528627361
0.18998106371791984
0.22746162431471098
0.23845712722609536
0.2075103078197699
0.16793502259373086
0.15758319962405787
0.18254032050791086
0.20825708968618886
0.20234723189926024
0.1726386246583237
0.1608349328475841
0.19724646027627615
0.24448547824388875
0.2484611052812173
0.20507734170847483
0.16133260162395224
0.1717154718904055
0.22786289876378676
0.26766051847970984
0.24608138116342812
0.18119034028979056
0.1349264068697052
0.14506688965807182
0.18964829398609406
0.21806393186607553
0.2063133443792862
0.17449634719462886
0.15432551812697354
0.15229403397251315
0.15807961188257683
0.165532579666754
0.17863442470703916
0.20099851258961116
0.22516174441787398
0.22319928243230958
0.19420801327768555
0.15422189631193478
0.12689845302158193
0.1364969330364533
0.16416646375813781
0.18992149881275933
0.19074382446924604
0.16545835507897388
0.13486643705255794
0.12649704926927952
0.15087167766890283
0.1959818149513855
0.22880542811931048
0.22608278120775435
0.20191479155481845
0.1747251070388468
0.16321879857818156
0.16014125282039182
0.15459413384493204
0.15342844785395252
0.17279032951290144
0.20285636911367594
0.21486212644724398
0.1896837370156633
0.1478693488747427
0.1389766665874894
0.18373145840733002
0.24723880316198174
0.26748116654827037
0.2257526098711231
0.17069269510287716
0.1619729045630532
0.20591701875394855
0.25064236404977175
0.24293239755917945
0.1971067322266461
0.1628186354794879
0.17045686902621066
0.2026489003711913
0.21016399276111775
0.18007370714433288
0.1528935939112171
0.16685499725208514
0.21091260253181343
0.23902155913391218
0.22756416771879226
0.19002811466427175
0.1585930912643432
0.15265625433557614
0.15906087849657238
0.1661702490718328
0.1807266479943933
0.2121283345738318
0.2493525077295773
0.2657563124542865
0.24551100850920685
0.20528836828490957
0.18137976281693133
0.19031186879007847
0.2156413090472474
0.22881445473445655
0.2159813633772475
0.19872781023336777
0.17183917958175657
0.16080317910248215
0.18510642921501885
0.14347293024865332
0.21885454746175761
0.2376931093241554
0.20380430456342394
0.15696426655021326
0.15215084176501617
0.1877171163003007
0.2237830565125646
0.22827027958295779
0.21040442886660782
0.1979030592618551
0.2142350999954151
0.22944745131283628
0.21513168601406787
0.18372312603781107
0.16362496110472874
0.17576751470346122
0.20091879699885778
0.2083560344308831
0.19445105495699774
0.1841305286695992
0.1915758307075404
0.20367382967663314
0.19293917787929074
0.1514722568907108
0.11585088499026547
0.12459172901535102
0.17675763614699047
0.22908519599489177
0.24640792091400487
0.2253583169959273
0.20411337390554782
0.21043648651010455
0.22290059164259948
0.2144548861182352
0.17717518853740968
0.1375012040432845
0.1272602718303939
0.14593660105259376
0.1700737420095054
0.1734505449241101
0.1662367955306726
0.17143269688916019
0.19403629406696696
0.22123109395328655
0.22356003488631507
0.19328389000855103
0.14711344115004363
0.11072038486548233
0.10329933597417103
0.12438375635097046
0.16248041354050569
0.1979610122746161
0.21802487684015173
0.22502473596330513
0.20465466393757853
0.1846150316092488
0.16721582733134227
0.15430640827700276
0.1580794170989239
0.15685063639534524
0.1632390303302597
0.16583469337434578
0.18250434668553847
0.20628133192004797
0.21923039388957163
0.22326493693917362
0.20114162038359465
0.16382086473996302
0.12543176483628898
0.10149728649756525
0.10824990428276271
0.14482667276844574
0.1933707581921805
0.2233735255526458
0.21995655745664117
0.19583655881871354
0.17256555982931426
0.16963297290894647
0.17310353518180602
0.1644486768592372
0.1434417151712827
0.1275483693736157
0.1401909167557825
0.17886930927871425
0.21508323667178636
0.22394634666662305
0.21219417917779013
0.21061327593864723
0.2258830952909152
0.240440632711788
0.2261447960168376
0.17498015888130045
0.1264838253659177
0.11922541366363082
0.1534981764825391
0.19184511471791982
0.20336712231117873
0.1900513125679711
0.18319835699036888
0.19596827427360208
0.20820828818117168
0.19798700419147905
0.1743136451183693
0.16480442219047603
0.1833232103241718
0.21420875553016985
0.22417106696195244
0.21403818756457954
0.20227979950247937
0.21054804949426656
0.22811900366753032
0.2237298019808858
0.18762126677038776
0.15361882649533648
0.15919197670210428
0.20167485328863669
0.236404531123817
0.21998280275457105
0.14235806212848792
0.23648151571680545
0.19960860312092818
0.1849827628958123
0.17884547282156113
0.15936563752189664
0.13679905666833025
0.13359615473786332
0.16317992938757714
0.2073336692221567
0.2173428271957395
0.20197490986843475
0.1758820808543956
0.15162528032649703
0.16194027680022108
0.17205804084349935
0.15923367778223224
0.13533574760279637
0.13131056009928918
0.15430958147469143
0.18598631045492556
0.2021622194816246
0.19490577252395194
0.18674691828326156
0.19808432604776582
0.2122794821051398
0.21127569654336797
0.18833847641007473
0.16772346657235895
0.17106619692893604
0.1953290021866463
0.21568970470945173
0.21455125261891902
0.19321199740193631
0.18090262356546977
0.18736469360289917
0.20152762405035526
0.20624206657075644
0.18668652505337333
0.1619903441142145
0.1541051107341328
0.16174218824095563
0.1762830218524731
0.18168319879921724
0.17949462239971672
0.18142050873500346
0.19430594943295423
0.20911084332512467
0.210218054624213
0.1885302978160876
0.1496290687987282
0.11140355690457698
0.08807092878716367
0.09134427064159106
0.12129032346067915
0.15892983929055746
0.1927622125724618
0.21611982463871565
0.2115502036546253
0.19284956636495734
0.1777488927849669
0.17741066790044552
0.19447876162237082
0.2116628211931616
0.21662902730036962
0.1998899851884273
0.1600079896730655
0.1164290988905027
0.0928369711746372
0.09202114902359151
0.11355394155148214
0.15137573667033816
0.18663025145236325
0.20582482965911492
0.20550771266840862
0.19313312627374418
0.18297368909285647
0.18028434192320403
0.1804345940538158
0.17483576139983242
0.16272137410884638
0.15440542945165445
0.16542678085647963
0.188609568172505
0.20581884020930502
0.20788394510977046
0.190555762172563
0.18074502752108842
0.19202305987077573
0.2099285687425364
0.21421046256834864
0.19630355301411756
0.17221969224156086
0.16935908762401813
0.18799849922665574
0.20936943311887427
0.21102962846292161
0.19781702670175588
0.18767825046300998
0.19540464535185387
0.2015287475699246
0.1882432944529627
0.15384422255680907
0.12801666878170895
0.13414119763542806
0.15703482807862681
0.17126031210772727
0.1650659645897085
0.15588795152337412
0.16025854582480778
0.2013993342765023
0.2286130138456579
0.20482265788481965
0.16563829935525762
0.1354045200303077
0.13677833179697385
0.15636388114828065
0.17060169886370918
0.18515003279574238
0.20869332608322233
0.231693591455706
0.1851528501275106
0.19428296336444156
0.1756928169251478
0.15529069709243107
0.15451057801600018
0.1648683896806656
0.16348049125098052
0.14578962084887412
0.12751604111915832
0.1183759005302074
0.12373368280067458
0.12880283843835066
0.12793028799646766
0.13657620421111427
0.16454902334867483
0.20107124587958786
0.21848736238418062
0.20170599447641202
0.16890424660329897
0.15305144283388278
0.1642683805911877
0.1733095534205585
0.17982634381052723
0.14734728301762218
0.09828624908511378
0.10152014179029545
0.14981982065856095
0.20709867400649767
0.22482961394195916
0.2062060471941234
0.18152739038187654
0.17192444724245126
0.1798183767267382
0.1975586704961518
0.20580239437538772
0.1976757134465836
0.1878016501396062
0.18256323393152377
0.18461969541414325
0.18983679581754506
0.19117695590507905
0.19356344327912367
0.19862315583292794
0.19582951787678535
0.18101695463652384
0.15790513826607624
0.13808534274554957
0.13823049698628292
0.15536248354758417
0.17851713523712037
0.19557568265819114
0.19737723448190186
0.19318590048095077
0.19391549540418562
0.192525814246456
0.18249887524310845
0.1636878808121806
0.1402079114692465
0.12416784775215116
0.11895060776319015
0.11976184110439994
0.12928127220566793
0.1430361534632166
0.1611386494768804
0.18054615324825857
0.19214028256436466
0.1962944452043191
0.1961835107806399
0.1929396016245351
0.1878593110641069
0.17892694886388105
0.15926650664205427
0.14080976671955373
0.13871923686121024
0.15562028103185996
0.1795548741171153
0.19693827321274557
0.20035426218937166
0.19631450525388588
0.19208017611967515
0.18839266951876185
0.187599224294358
0.18321185268579268
0.18777882184431083
0.19835265073686792
0.203024816559997
0.19637318515867608
0.1784922047409279
0.16462404797767324
0.18170440223293186
0.21575474516997578
0.23024007278723835
0.20220417607236135
0.15227590170554106
0.11084912142108627
0.10552961964520866
0.12810313290390823
0.17047050712594478
0.19161881168233003
0.16417091939930376
0.1499968455719225
0.16445370899208198
0.19773907464148718
0.2157135734407167
0.20114708953924995
0.16676501148078154
0.13823148980328973
0.1275360333595562
0.12756770585607716
0.12701466211432172
0.11993342900529728
0.12601847742598785
0.1483794191400362
0.16619945146470427
0.16430106052805377
0.15337201039550008
0.15469582435458848
0.17308372994497814
0.1912386934760697
0.1835977673279994
-0.015312831848584603
0.07894080091645271
0.15448113806950564
0.17528324962213154
0.1583809443916499
0.14891272591978102
0.1478653480512213
0.15274982147300578
0.14371709050647588
0.11932800084298843
0.10518687923962944
0.11815457693776096
0.16153304475031474
0.19204641502293293
0.17135580264490455
0.12208954261329061
0.0788559268562828
0.06723315142418548
0.09141813893063988
0.11583278938139706
0.1127528136913621
0.10028892184237619
0.10175107129824709
0.1250520832005482
0.18215787187519517
0.22234332043638197
0.22957217635458582
0.22576219299045974
0.2182667214999186
0.2265224208747764
0.23498410271685588
0.22101357297168267
0.19130426756008337
0.1707973437456496
0.17013393697459397
0.16242216499901213
0.15346424412128293
0.146305226642203
0.1488058197409613
0.16515919367852633
0.20178468800571206
0.24234451983561928
0.2534258359855604
0.2201105115199286
0.17536393948894952
0.12848804864258181
0.10816991444370623
0.12331178940891306
0.1455640688128709
0.16387804184348634
0.16812477667213319
0.15393581690809005
0.14539139666906084
0.15974410382052934
0.18926205796658083
0.22588708316538234
0.24631786936975503
0.23048299130341646
0.19105897086071524
0.1579868510046655
0.16057201140687827
0.19248141291197396
0.22823740502558837
0.24608118096742526
0.22949141072168805
0.1922682718762724
0.16035039973243034
0.1535138471772467
0.15844757974990994
0.16179365301004955
0.1596714228381395
0.14237827633487452
0.12050855763388897
0.11659823634195596
0.12973235582382664
0.1680644994699006
0.22302436808935908
0.2503196456786214
0.24506626056358075
0.21057708834447145
0.16519138538704775
0.1389731450451074
0.1468086645939525
0.16320171834616454
0.1574833121935977
0.16143673021255786
0.17902834486468963
0.20357183714570856
0.22121993660480122
0.22899498710804095
0.22483633018473365
0.22054449738968082
0.22224606513610423
0.23562950352820128
0.22087155490379357
0.18214597093043708
0.1330743699205778
0.09293049269649296
0.09115574476103509
0.11109960449233022
0.11276776401831602
0.091461503888499
0.06988342109731727
0.07682175794841418
0.12432399046994858
0.1779416894595872
0.18861050811328917
0.1645138757907306
0.12659048661303088
0.10529108641734891
0.1197707257579671
0.1429916044874174
0.15104322965288539
0.1443679151970142
0.14442784529833969
0.16397334206583483
0.17320419645727986
0.14668232358132127
0.08217592299082221
-0.014027148760068149
-0.049765930012457806
-0.020881257793575518
0.04282007660904077
0.12150549798568638
0.19990665711810493
0.2145609614005892
0.14744239432191308
0.07326374790057566
0.04310608619676655
0.08097279337525536
0.14698955609891984
0.18380695250329238
0.1671199994545864
0.1214986093858217
0.09153786034440088
0.10039073347199302
0.12276023460268516
0.11475676456137185
0.09082525224750598
0.060331056765043925
0.06211990624413319
0.10512687864138648
0.15950856167191763
0.19565290573250305
0.20806580053638085
0.2061542678488417
0.20850098624549318
0.21381661868798968
0.21688486910332982
0.22371070107054267
0.22644430571241186
0.23260167275890067
0.237613714240376
0.22017093287825187
0.1454683135839464
0.11125407315651023
0.10142549507032896
0.08206200102134567
0.12297728106344397
0.18369366016428898
0.21678113875061278
0.23376279912317582
0.22332429031014145
0.20825997547380903
0.20725402828601022
0.2076136637008895
0.21211217371904817
0.2141485857646388
0.20697458022422777
0.1852436624474131
0.1553508752186235
0.13137182629712377
0.1301273411101693
0.1484235533788554
0.17872290998002774
0.2120568504427038
0.22134224711610492
0.22926860237753227
0.23080623838154135
0.21649620645536022
0.21577531104899556
0.21680259819371517
0.2353109379099247
0.24064013333170556
0.21313387318430377
0.1809132797329434
0.14245500945669423
0.12226311905547647
0.13053344937419495
0.1569240720348833
0.18749058171025396
0.20762425602253834
0.2144486065694758
0.21145224609210886
0.2050714786367567
0.20612119288562603
0.21684472745931163
0.22277923322042692
0.2259747390678626
0.21937802745582352
0.18115210074711552
0.1259703695191337
0.09265635066126338
0.05511700692671729
0.11441703122564477
0.19500229832673768
0.21842897125950414
0.23820688988622157
0.23551423579415254
0.22147270506415526
0.21520439534365118
0.21781831159795237
0.21285615297441832
0.207366399885669
0.20631442361462266
0.20781872472418023
0.1966864271763829
0.16033721660145397
0.10355718821391979
0.06554590347983583
0.05634270264883026
0.08213614681260532
0.11642117028571282
0.11512134195064976
0.10160146426443593
0.10134810910613933
0.12156104709394343
0.1677086561032761
0.18542512835984695
0.15030649107574798
0.08412792179553732
0.04587059931993315
0.07297587557623599
0.14576033040557612
0.1976156476552725
0.20154155696630408
0.14062255756523392
0.04339810603318824
-0.02292782395844045
-0.0554124237086244
-0.1126959658211076
0.014183162619214545
0.14302415674460267
0.207296658479285
0.19973533389318043
0.1537546127969438
0.12240014760797552
0.1055998028551058
0.10414399558225457
0.11313962857059238
0.11526135137867488
0.1301943765613239
0.1652252026424118
0.21841189086914015
0.2140370433342788
0.17581829437181445
0.15848451850077008
0.14099552760426978
0.13464007140352363
0.1194460582524744
0.08100512231326586
0.06947120356915111
0.08728846172857581
0.11967032460262773
0.1869765426511096
0.2334980884206881
0.23699600653317082
0.21480104192101473
0.19915251043765556
0.20795223096547344
0.23274494311754831
0.2531941378785391
0.24600370997531515
0.19977752369414412
0.14427161869036828
0.11833409278161859
0.11037813264181041
0.09242065279542208
0.15346479810925334
0.20314123590278962
0.16483602368747308
0.15604254454747712
0.15772100332156483
0.18590627303044432
0.23294526066601945
0.28084153255847927
0.3031451722997143
0.2777630357725071
0.21843489831622034
0.1573009558468702
0.1333387710542781
0.1509637026779486
0.18272205180756224
0.19381215699017937
0.17244396290936168
0.14637881361654947
0.14834096851206255
0.19041791644984743
0.2518417068134294
0.29931949375450717
0.3005583716923608
0.2519215800505448
0.1882703156720231
0.14780260212430232
0.15184988744516792
0.1770672213375647
0.19008405727304725
0.17935517201381168
0.15220545888400316
0.13795194457336593
0.1594081822380415
0.21310222505763987
0.27377317109713556
0.30489199530102634
0.2888730753759644
0.2366477169127183
0.18289623159280388
0.15925459897212738
0.16099903150381772
0.1711993727845612
0.13481620667210192
0.15389110273861548
0.16076116759468087
0.10193521006042597
0.11092726472227186
0.1470666673690691
0.19772694782942507
0.2387214725928331
0.2568377863943284
0.23725400475031025
0.20654366353788978
0.19747451887232942
0.21716976875665084
0.23921154200845388
0.23048977252812228
0.18455516154665288
0.12251081858264937
0.06358168894205339
0.06973732075995565
0.1045050152538083
0.11425424171968714
0.12859024004219535
0.14023603419906602
0.16279020259880111
0.20572195627349502
0.20604194720946437
0.18344010559372576
0.16946894740568133
0.13588041774355716
0.11707749180283934
0.11432175785111398
0.11744314822254577
0.10624003088982117
0.11058917823223266
0.15436994830309075
0.20329770913916656
0.2077254075328039
0.13872838981985156
0.013170971175920644
-0.10577620038075294
-0.04553771846887252
0.0569593555478237
0.13287020608807193
0.18770191690433374
0.22457579115461368
0.2228058975131359
0.1775045139363434
0.11379286842996855
0.0818159529695087
0.08838186769525413
0.13130992594089683
0.18170281841274447
0.20682919874879746
0.2081885628956074
0.19562626576382638
0.22215635580814527
0.2453486018921151
0.23440072861194017
0.18608552183462557
0.1378394907380445
0.11539989257192348
0.11855986585330476
0.13316372606017382
0.1598849642187903
0.1722956129349327
0.16987714141810872
0.16705997885443938
0.1703542498700544
0.17908511253709686
0.19270985585467712
0.21092422599573551
0.22418164970627943
0.22697220742775095
0.2159499589727196
0.20041340357031034
0.17876517742302828
0.17571699552452497
0.17068519325397627
0.17674475120065347
0.12752136183677848
0.10452743388314034
0.09674931066051722
0.12087323322471334
0.18000078758036067
0.24439813420991166
0.26259509284588645
0.2321458126161345
0.18600321671302816
0.1594337061622674
0.1629128118124421
0.20296121204311213
0.24462038767986247
0.2530857447503266
0.216271036282651
0.15647944963207552
0.119367162388855
0.1305986003533622
0.18673056028527774
0.26421224556915623
0.3161704752095139
0.3117678941517311
0.25738993351376943
0.1831881492101974
0.12966769462024128
0.12292048949044151
0.160989705441529
0.21486265270707544
0.24996848876762245
0.2452268154392412
0.2066956703022993
0.16563050989112854
0.15449033614723495
0.19107551397058004
0.2422318254110319
0.25802873003327226
0.22855960066190037
0.17791352960605944
0.12841765374932118
0.09445581898527035
0.10555333357478473
0.13702397038298175
0.18366864914468523
0.16649789356419137
0.17086687692048536
0.17602937878861724
0.19804518234555157
0.2158239169494623
0.2302723251438958
0.22568644065293575
0.20913898247595167
0.19038353202224678
0.1762018809126136
0.16766484968586953
0.16834015905746028
0.1736376961752589
0.1734797771808846
0.15958244381068262
0.13428229533024016
0.1188597209032731
0.10581105896572535
0.1444295692620481
0.1996490578511669
0.22782411843454375
0.23228196043291147
0.22365671110399274
0.2088224323970496
0.20901877332156354
0.19924070657638912
0.1749099952091701
0.133807184863376
0.0929112465561597
0.08110618455438358
0.1136131510932936
0.17435215714632282
0.2166227966291185
0.22328327775741347
0.19765519541507795
0.1387380112877125
0.052844298967926875
-0.045270954272865024
