-0.014532513490220996
-0.02165977615353697
0.007158668354436741
0.0027609929581395936
-0.0058323533545195805
-0.005754296112573275
0.0028226645627722332
0.0071579349281145595
-0.021765708542969067
-0.014601369677083675
0.015358695725537913
0.0028450638531348784
0.008190115692070525
0.0004482287240193923
-0.00263534948789249
-0.002600112160517121
0.00046918456255052015
0.008194902080126718
0.002815089264571268
0.015348006852525253
0.02548163479845649
0.01586335689629441
0.008077736343515253
-0.0031196125736269727
-0.0035012991668092516
-0.003496644785673203
-0.003121336330246817
0.00805763465258281
0.01587739039534259
0.02558307130726673
-0.0018032643631940896
0.006739217442958967
0.008269244522543746
-0.004172329281536691
-0.014357330480798338
-0.014399803709880176
-0.004212656194225955
0.008229199460987616
0.006669926322956008
-0.0019325839944204538
-0.02821238389493755
0.008456294311620817
0.016152600363817268
0.00653944575996851
-0.014936432482938435
-0.015003839780598329
0.006477080347128588
0.016120579556290385
0.008411866396298633
-0.02832812155954755
0.023283284885362836
0.07845143169978715
0.0450263279382912
0.04181540269722318
0.04278746707991794
0.04272335841395515
0.041755291037914484
0.044993781182171386
0.07845298804285425
0.023328652109477602
0.15510467700884628
0.19798724576143284
0.1063817720600275
0.10887748652074782
0.15395379826215055
0.15390410131906448
0.10883383031281672
0.10640502287354385
0.19795952055269345
0.15493919307305878
0.2572285118602516
0.2642753642387464
0.19466377031488355
0.1954220627665863
0.23651016966535263
0.23660776371786485
0.19554269214325765
0.1946207947827137
0.2642420183406356
0.25741825027727055
0.2642147191422965
0.24466483667611547
0.27491089367023597
0.2634894028612487
0.24559124200734517
0.24565727021027944
0.2636044897122506
0.27483552976110326
0.2445356406485575
0.2642267872658026
0.23565042078700849
0.22750157287049413
0.29742115106316824
0.2698719151459684
0.23016289611530633
0.2301322110899314
0.26992265793826836
0.2974440528126283
0.22754817585442108
0.23577383235051003
0.2165951657627109
0.2457612695327335
0.23628738283510717
0.20271600297316936
0.21342893370359645
0.21333467160722078
0.2026781775436287
0.23637798291747575
0.24577602418094915
0.2163069298176049
0.15841391505064106
0.20835529050527243
0.1233547284738431
0.1025207994155319
0.15145399281292665
0.1516302794810646
0.10268121147599386
0.12330248754002397
0.2083620690221174
0.1586272031066246
0.05833471506804844
0.08764449233076814
0.031423259406270804
0.03300006263544707
0.05394307284561775
0.05399720405026886
0.03294376605775307
0.03139977277581917
0.08767761586789097
0.05831703436001853
0.0007846473640219346
-0.006503777067551164
0.0027643378465545625
0.013714766189944341
-0.0024482515874040154
-0.002382555148491172
0.013706414078818927
0.0027309005834061633
-0.006540145677045383
0.0007568937185491117
-0.0018927792985104412
-0.015413730941993721
0.011204540601422973
0.007233690633560622
-0.010076872817700113
-0.010089971199607162
0.007195447218639307
0.011236113214595365
-0.015384515692978029
-0.0018325409930463046
-0.017624259634198298
-0.004452842879038841
0.009409955231841877
-0.019384806686977115
-0.02735663298515881
-0.027262660275085157
-0.01937423657564271
0.00930873243205864
-0.004489923027420295
-0.01747202631648703
-0.023095923603205275
0.005028634576707341
0.0044675661402713346
-0.03033872680423186
-0.030847064781011964
-0.030876669531350417
-0.030529350137868914
0.0044619129652746885
0.005109078343776224
-0.02325721380185595
0.06304270668236266
0.07218610830983183
0.048599938977942785
0.03592704535869158
0.04422881641464021
0.044204038701279966
0.03578623357423853
0.04861741480964915
0.07225962814132647
0.06298294519871699
0.19197847812200106
0.18170048971796365
0.14928057591719712
0.1659720063383219
0.15762672487910664
0.1576104590609598
0.1659985560846673
0.14930370408742846
0.1815852387712831
0.1919375594329225
0.24087918647531462
0.24936957787315642
0.24670629673664346
0.27000429511078644
0.22411120187539885
0.22414571092218813
0.27001733288647367
0.24654355827954508
0.24928004386120076
0.2412338046157717
0.22505640179235242
0.2651136913547318
0.28446639976110843
0.29047230057541046
0.2526027215790555
0.2525403909898552
0.29046285905286306
0.2844813909753148
0.2650510833573655
0.22484328621218197
0.23623445434951243
0.2697076140994566
0.2654724932085131
0.2565546216740189
0.2743689984546611
0.27430385813217123
0.25654312158966835
0.26542851639026266
0.269734721132593
0.23641429056833618
0.25022055220862616
0.24153341781633325
0.21709268176856164
0.21528525042922764
0.2478140075442054
0.24777837260694976
0.21530889010077353
0.21719329805164428
0.24155121993027837
0.24989746660896087
0.18073789717917843
0.15257548363008208
0.1445180626924304
0.16313855611044956
0.1536880423010613
0.15384439041964504
0.16324284712217962
0.14435807665940686
0.15249776544985583
0.1809200001897969
0.05796848381663852
0.0559181691228912
0.056821756383342054
0.08631939869574944
0.06358199555009329
0.06370085090338616
0.08644028862645069
0.05675671539678661
0.05579024604170544
0.058018500158797684
-0.02271759699742854
0.0038088628144559724
-0.0063133923682262534
0.017943124198919365
0.021747486393433397
0.021412092942587724
0.017781325704603803
-0.006054624303607361
0.0038965698139735347
-0.022567472038998476
-0.04472306684782144
-0.022369559520912973
-0.028949467825781987
-0.016767125798466554
-0.006680149581920582
-0.006700859704790897
-0.016826560837965663
-0.028887624541552855
-0.0224052472486722
-0.045060762415024866
-0.04589472384412891
-0.03572356987688832
-0.03538035392154329
-0.024676051246529003
-0.021678917854293385
-0.02163866878966583
-0.024563238973478736
-0.035355258072374565
-0.03578145098701912
-0.0457190202041511
-0.02522609898600267
-0.00965091928415952
-0.026701861661607654
-0.006972039227436088
0.018234240620836478
0.018312265410586292
-0.0068963270041174874
-0.026685531388339442
-0.009751132218763446
-0.025350508806357475
0.029810382371221335
0.051767287335675226
0.026964249200146322
0.05277647321798658
0.09410191884355291
0.0940768989329343
0.05287161536908641
0.027045334633051685
0.051712512681646824
0.029974580403806284
0.09474423205291342
0.1135884864310243
0.11191433064427869
0.14170037894003346
0.14151400321399926
0.14134599610538046
0.14160344817903486
0.11191114738690494
0.11358334694674144
0.09476831178164637
0.1326712001164826
0.16190287359876243
0.1584711939890781
0.1958073668636179
0.161531210354169
0.16160320761127733
0.19585911377639723
0.15835439177947463
0.16194813025158603
0.13256045540386535
0.14008295891132552
0.19444349186613122
0.14632210063454218
0.1949785461830857
0.19650164369689027
0.19630552357284073
0.19515400609861108
0.14647877311943563
0.19432298843182955
0.14014146301301375
0.14232638084771365
0.19390168873007316
0.14239717623841397
0.1864953335979924
0.22816244358994692
0.22804064425291776
0.1864441652807281
0.14252474996335224
0.1939461988684532
0.14235969454776143
0.15148951605260152
0.16998925391641043
0.17285666287301546
0.19984697654630523
0.21519896808407973
0.21517820955444325
0.19987375274662736
0.17298187286913885
0.16997202114491275
0.15153622474331327
0.13837589853444254
0.15136091535259413
0.16814768917803075
0.1957812950524692
0.1647800858854381
0.16488007291715576
0.1957298638936143
0.16810867026258508
0.15143823036335058
0.1383756288868508
0.07959234394951285
0.12423203335940612
0.09415204022066107
0.13672584568690424
0.11691706839039755
0.11695791774230478
0.13677717712135964
0.09412792121285513
0.12418292576814276
0.07956728573318089
0.01689039632797469
0.06526116538000312
0.02319240065704853
0.055760211390706554
0.08464059927508381
0.08457286685860552
0.05575552126817003
0.02313213281508144
0.06512908375449329
0.01697145706240283
-0.017286546652080993
0.004590270478065438
0.0073779604641186144
-0.00016431517808440616
0.04463997127896937
0.04465001352667525
-0.00019536794382878612
0.007423510644728123
0.004688342672818631
-0.017364785452258943
-0.09304781385255961
-0.038181004928634237
-0.018059412964680773
-0.02758911122780508
-0.030698795999105556
-0.03068903796076856
-0.027579707906826123
-0.017993352621313005
-0.037994458824878584
-0.09307179568202474
