0.013483740416794397
0.025389200388784727
0.00759003491963869
-0.005908911485310304
-0.0047085985358854
-0.045336524866007144
-0.018793565378358974
0.02288978539489212
-0.04336921626445297
0.008217644092415884
0.05092917104955205
0.0025988720718666336
0.027584107327810515
-0.016447891010020154
-0.014516150458303099
-0.0011702708443605972
0.012777962002546765
-0.019486268067567352
-0.03939917126264486
-0.006295627193183266
0.008069909939511835
0.010261052158935798
-0.013104494800327752
0.019915214653483955
-0.027019322222903163
0.023588290770636355
-0.0019756142758657028
0.0044272623417839965
-0.022321240030081343
-0.0030069637499484025
0.011291820287837505
-0.019303467553226823
-0.001005379150621293
-0.02230914211361138
-0.015779902942920143
0.0008360707135559187
0.03281025406205129
-0.021130830255394282
6.614725652458322e-05
0.004731433975053899
0.02366465199783666
0.0012404519690157705
-0.0178604190322187
0.00011127184864913033
0.020349502973777443
0.04806209694758738
0.022121032412161252
-0.013913715594565996
-0.010122305088459373
0.038652046866450664
-0.003898830037538829
0.049196427231888294
0.05996624711432253
-0.01568389710323081
0.028543080250842002
0.014819432385816646
-0.01628540227767894
-0.019762499045063837
-0.06339420029423638
0.044417139455876775
0.16698359930705184
0.24322244271076227
0.2182390463551854
0.19475247512294033
0.18247592349798347
0.24153593394606973
0.1665911289087849
0.21785670948540878
0.23487463423504634
0.22065090573955826
0.22681197339111883
0.1947359748772655
0.2293841363832992
0.2332745689216365
0.21236233892605944
0.24854997853066843
0.22458792102623631
0.2142753520685384
0.20411160385145105
0.24084755381631515
0.26176790957586504
0.22667674772061525
0.26597734784101934
0.24377529219273816
0.21455121044852513
0.197934701335722
0.23240750342374075
0.23026596911294628
0.2141596194212976
0.24195823749458
0.24189611758039894
0.2520833565567564
0.2636539566271543
0.20700427373284042
0.23209582773049223
0.2404670645913136
0.22081284427633446
0.21010376115663812
0.18864640386045145
0.26109138215679684
0.24540256468807584
0.17945416980279147
0.2142720062379293
0.21574039986387902
0.23884844318621049
0.24478254408683228
0.2027724622078937
0.180821276349286
0.210425995155437
0.24217047742948725
0.24281408227310544
0.19127176036161325
0.19813422148517915
0.2132361775014153
0.16786818175891527
0.22187361915567766
0.23602792293339775
0.22578166785370582
0.22592581678055754
0.2359858053660567
0.004796965079612856
0.02164963994225912
0.008771210853173922
-0.0003217055923963138
-0.012004473040479403
0.01911478399206792
-0.019369182590765838
0.043222060291945766
0.008674859230417739
-0.0033921710075354014
0.033027107076046947
0.015272042792074413
0.02211110589930883
0.03954568036751898
0.02940874221911126
-0.010439987556830798
-0.04835451253624987
0.0173787811957314
-0.006968791321612202
0.03315931187329691
-0.048554590615208525
-0.04040060632133115
-0.022121684046891063
-0.011350529980847679
-0.040686082318516996
-0.025433692100607745
-0.021693319671800687
0.00013503943830167766
-0.032573412705113367
0.040078809060397014
-0.021276272678342274
-0.03580054005444288
0.012209356169807728
-0.026240384654836375
-0.032049629028565445
0.012388698732008286
-0.033065748858820826
-0.013422934007491009
0.005255655209901703
0.025390735255388742
0.0007022299447980074
-0.022696412003193018
0.04017612651538628
0.00820678214141404
-0.018234660856764444
0.012453008783549036
0.016135267314220082
0.011387323605085873
0.029280445527855605
0.03193573337102962
-0.009582598415236059
-0.06169676046089018
0.022619946121862265
0.03906124316531592
0.023871788876116646
0.013194779210239994
-0.03623433017903721
0.06512849295149768
0.08786579821033998
0.0019078202331264222
0.15526577074050132
0.20134992244052966
0.20088199989076402
0.18088602911440232
0.15511532953348317
0.20651433159350896
0.23540272745739932
0.18690120156015033
0.3107275735375997
0.22028203512551575
0.17244878997998134
0.22590385112942793
0.239376373367702
0.21128092903342316
0.23389545151882143
0.18606386673497557
0.23093516529992014
0.1983284083577142
0.25467981440583765
0.24071535638350353
0.21521564910021168
0.2269664807010583
0.2208782531098384
0.29345019712346393
0.1950073463043971
0.26405121672865517
0.2638043178256761
0.21990534408682522
0.27803540330389803
0.23315334323918868
0.25698094191818677
0.2730867207086568
0.22383060505936297
0.21049704085740834
0.27988664953486536
0.24184462070565865
0.28134315410088817
0.2972848329623771
0.23799724391237734
0.24806497077938836
0.24867390291969704
0.18047180775190685
0.24779941303272315
0.1764584822180127
0.1891815572500578
0.20397997413130986
0.16165967212786211
0.2809469652654619
0.2709474320350709
0.20823582688398667
0.18974621981788356
0.19585686006823536
0.21061967788758054
0.28695839106535664
0.168870337772532
0.16792956602654063
0.21588470817420338
0.18924248311466024
0.25516080715444694
0.2026391312841514
-0.02157360402805247
-0.015715403867853892
-0.017208336866547238
-0.012504864949240146
-0.01979978990897528
-0.025887077796814616
-0.01834722476518542
0.008053973158116826
0.03403662340201181
-0.008183885867908037
-0.026936701232199683
0.010920370039572323
0.013619702897141562
-4.759543174029238e-05
0.002175581391277809
0.015487364366533422
0.044436275154990636
0.03459485685255554
-0.019809971053454164
0.009528853461113635
-0.04502508924963423
-0.008245735446066571
0.011386126882192054
-0.024035475675734247
-0.03788509722665843
-0.09110827488911423
-0.05465918844424121
0.031217607912822586
-0.012162505017208721
-0.044791364709545874
-0.050015935063756616
-0.020521621808422895
-0.036538193501516374
-0.003724868056810598
-0.06079277113395157
-0.08837548937175223
-0.023943918864394568
-0.03577231752585814
-0.03436541233722064
-0.09341832992452676
-0.03714081795798255
-0.03595516636500784
0.007892709013775766
-0.056623948886840136
-0.002829641737263561
-0.05041387865068436
-0.02938418624161437
0.00801862335823463
0.028181246027910847
0.005848260697335927
-0.048729785858781204
-0.012325926908408532
0.0016565521891947447
0.04600825927488303
-0.013940702963144216
0.03130068284560854
0.023057289057933028
0.018020483408754125
-0.03164973293892077
0.050288830604224656
0.15339880223250346
0.15050128653056707
0.1749452360299314
0.18968620887545415
0.1458105742458586
0.12101097314186669
0.1877116377733149
0.17091202790145946
0.14030582406605893
0.12904695073620318
0.12989878086936174
0.1159006527687478
0.20100476192337455
0.09656639367976895
0.13436090948620388
0.16069192868163293
0.10170636678660142
0.1350066869268665
0.10243546476497252
0.09878959909732088
0.13658081146079507
0.15164093370622292
0.1909045859754939
0.1537096477038226
0.13213845358701187
0.18420301375921502
0.17099204194253187
0.1375319406035705
0.15211757698277303
0.18468342507117172
0.18651386508795517
0.1503031822006822
0.1641637729308201
0.18861666307695932
0.20079494967882497
0.13010403250597213
0.21585007695702105
0.19000661267958552
0.18974060415782287
0.18192518189651757
0.16935553637867246
0.18099837803000696
0.16836365827351
0.2040662466258721
0.1426591867517878
0.16677227123262653
0.19880235629306986
0.16727451995368933
0.10264696538802441
0.1309832284623603
0.18158379904818148
0.15995715845092737
0.14300596156224696
0.16131855652977037
0.15575942353138233
0.14929090352705737
0.08408297336528497
0.1266313051334645
0.148537026797
0.08018749176967663
0.07550874821000446
0.25279625705923825
0.12352581670848449
0.16715764561464797
0.14669570071137017
0.21754639888148303
0.15571677947782173
0.1180185017373776
0.18986546935147622
0.1337209823624092
0.02248790335707187
-0.003535930473403681
-0.005142624113635273
0.03397063087759656
-0.015364675196033743
-0.03796712635071909
0.011614688557125616
-0.0717707457225158
0.08427919714541704
0.020616140785197305
-0.03716820578538705
0.020030631642190218
0.012122678597182556
-0.00046300432774598843
-0.018159726749720446
0.003370239467217817
0.02917935686928541
-0.03332428742082125
-0.03379553115571674
0.007330667121846895
-0.018015090382632624
-0.0023130077500925585
-0.01336166142807481
-0.009729431311075568
-0.021892003294061133
-0.04166156985434202
-0.02234672360725273
-0.05274263860500644
0.015973231717199318
-0.10557262710575147
