-0.009504484732999731
-0.006109978500980672
-0.011104785953891045
-0.0006901991706806182
-0.03181122982748705
-0.02605632867759818
0.012576451038138804
0.037067461106651524
0.012952312734536522
0.002600995393136062
0.0025324711139239516
0.01302591231388001
0.03692069958392227
0.012794997216872179
-0.026038783144240088
-0.031956268472527
-0.0007352505319660225
-0.011057938003652871
-0.006152806442476391
-0.009693651050512741
0.19753701469176907
0.21769566683034633
0.13564732335243787
0.15789950702365246
0.2404541373019719
0.17805751817281998
0.2100642637426569
0.20401590077096324
0.1549048649627228
0.20338285698550565
0.20343749817355095
0.15481213278221612
0.2038680358179429
0.21023640658145304
0.1778846937246832
0.24028436537043454
0.157855558130005
0.13572808869349873
0.21790701514612337
0.1972684291500839
0.21990880566669538
0.23460218583215936
0.24346351910241373
0.19702788967915347
0.31980740880786607
0.22917960872385032
0.2689773169571852
0.2178573280482867
0.24357252075925787
0.2345181889891187
0.2345037595889998
0.24348539574220943
0.2180343643107045
0.26889586559502726
0.2293226800670344
0.31986914582186443
0.19715152809177078
0.24335709570478362
0.23457526797495076
0.21987416281005545
0.21837157726900155
0.19202158297257838
0.20217740295340325
0.19071800819319343
0.1996441936653537
0.20696162732684492
0.2240005432618169
0.15122937388741803
0.2032530767508347
0.23424976950236479
0.23408941374936248
0.2031176017112484
0.15123699794323428
0.22395111987184238
0.20704756127449941
0.19967701257421958
0.19098605690399323
0.20221717678451184
0.19199984209191723
0.21879894691709983
0.2633019849240128
0.27878300604717304
0.19733171989983966
0.2813723883263974
0.24617083308440685
0.2875865571150912
0.21821317915434701
0.16982285533728692
0.20651953716901525
0.23421201625162102
0.23424108842877586
0.20644130476122388
0.16953328425777944
0.21873063655641684
0.28780947235314236
0.24607543949994762
0.28137068866725484
0.19720094680509181
0.2788114205095755
0.26318063088888044
0.266453345063095
0.19636721986536512
0.11662642712761209
0.2158977438726853
0.19435315402231887
0.17824816308392433
0.17309459230514052
0.14571429930996713
0.11837883973047535
0.22336488025471968
0.2235738650212938
0.11870785232924001
0.14580205436018512
0.17289263177761363
0.17818284216484642
0.1943823464621179
0.2156507621004233
0.11693421584118942
0.19645361604733003
0.2664631713610748
0.20596758267753892
0.2566525013592896
0.1495385019714779
0.19329776389953587
0.1936104939607899
0.19658436309362273
0.20442517438427527
0.24594572766345477
0.09343853951118924
0.2565326951988928
0.25650633095972447
0.09370990527672508
0.2460512632342368
0.20447526548034284
0.19634125029937868
0.19329783956334157
0.1932050377804413
0.14938435630599053
0.2566584657134136
0.2059963314311245
0.15519855289675133
0.19761710724799111
0.13479198670768627
0.08916757199784761
0.1690397080660102
0.13357139015103675
0.23753530229730338
0.1218858153844494
0.1471500213440483
0.2135605534000502
0.21359447979426452
0.1468043891883198
0.12171879024465423
0.23734239432172796
0.13353999493926585
0.16942582391438718
0.08899423203067754
0.1348618354657382
0.19796557655543595
0.15404148125741196
0.08808315031157686
0.18590298455632068
0.17102023797967625
0.08937142249466654
0.19955878782116704
0.10782519675700057
0.2147585257760536
0.1392274700086515
0.2562255566046962
0.1441328914249643
0.1446296082542105
0.25585492285083
0.13931074389415782
0.21450576241521016
0.10782582783496268
0.19961236158732024
0.08959968873752891
0.17114560627492734
0.18572109757666289
0.08854177972107978
0.09211055621970561
0.2818481813480975
0.16241964123640695
0.20484861507512533
0.20260670572610895
0.18909462370729227
0.25109844709214096
0.1663026997702225
0.270740979568499
0.21410459053479988
0.21417826364061737
0.27055579479891373
0.1662422304443784
0.2510793299417847
0.18891952445933957
0.20232051855968683
0.2050362573032206
0.16226882817235594
0.2819847440870424
0.09183580113863724
