0.18248065642984784
0.19612650831793468
0.18243248311426366
0.2030600805344082
0.1758636805777177
0.15774954702909955
0.21428149961539153
0.2260670703375875
0.21439225707398168
0.1956011027647963
0.19545662055003546
0.21429321887544384
0.2260343674286583
0.21417275559189733
0.15757485058864856
0.1757611914099684
0.20309210281995865
0.1824894779705514
0.1960982586635266
0.18276982760974617
0.20106436084410334
0.21720980819676444
0.13512368217520268
0.1621996336661559
0.22935637840453282
0.1797497645328095
0.20529861041302538
0.1953206969147947
0.15511572460165013
0.2170746820069069
0.21693043362627343
0.1550239935501433
0.19530106586828602
0.2054912134100823
0.1799415456408888
0.22918169915850556
0.162210182172688
0.1349123203141802
0.21705153093641258
0.20115646713715107
0.18398642584161384
0.20020498322591507
0.2015355987287489
0.1609608777240969
0.2924114256255092
0.16565806106106143
0.241060383867101
0.1817757273845809
0.20863090641876864
0.2011691122151669
0.2012947382647421
0.20864552223297667
0.18179044913166223
0.24092663692372443
0.16522780763904452
0.2926501888386731
0.16115716264881505
0.20130820184159975
0.20045811138560815
0.18396822269831967
0.2002711910560465
0.1778671839347831
0.1837495336894364
0.1853408814202062
0.20249033892854448
0.1828437302914203
0.21933603175305605
0.13233699846162264
0.19497379301071133
0.22294637821067573
0.2229717469565804
0.19476532720883016
0.13177767694182577
0.21954623745457308
0.18283738747778455
0.20232671983704598
0.18525759450038318
0.18330262691169733
0.17788212406449758
0.20015389145340595
0.20694508624379437
0.2358416300566156
0.15437542237927365
0.23710389688270722
0.19558874961859468
0.26190691518403003
0.15355227099724006
0.12629529109468063
0.1602886093183898
0.19716098854182595
0.19698252248182305
0.16020564753242109
0.12600884569790877
0.1536247121991994
0.2615665804508113
0.19551059547675959
0.2371885312024971
0.1542827288970948
0.23619707180165125
0.20685440548366452
0.25700661994205637
0.21649304569432262
0.11824477787199592
0.21058726748997975
0.21106217500165522
0.18439048312628362
0.17297041742203248
0.14442149263876553
0.13240815931543312
0.22928659047479463
0.22911169204414297
0.1322777243666574
0.14440718931965366
0.17277717399810333
0.18429252089899503
0.21088977561922892
0.21077762566391375
0.1183297212704
0.21621369722611483
0.25711565342179343
0.17833206735984428
0.22949825276499167
0.13880758437255078
0.1563547809039973
0.17975836850089127
0.17130794246539524
0.18102336067531363
0.21381102781195682
0.0617177036101762
0.23920882555291598
0.23899781921355684
0.061926096355527996
0.21410137382375602
0.1806263244548695
0.17156029294139052
0.1794631411162479
0.15651743439698704
0.13888163153603297
0.229252217172546
0.17861278849329523
0.16670662076325765
0.2211047406450134
0.1527794550922135
0.11383756941748056
0.17730169257560183
0.15009962100944993
0.2639314622866935
0.14869319874202752
0.15792303539353744
0.23959416457456797
0.23937419828600376
0.15820016158130276
0.14913985977963806
0.2638131537784613
0.14971950080698013
0.17711319798792893
0.11365458208550452
0.15289975975040634
0.22097521135474765
0.16741430318178505
0.11109341904117237
0.20326806122286473
0.18305259072528388
0.07705766678119798
0.2298061441350878
0.12139602342140131
0.2494055795625126
0.14549124385748333
0.28368898717849106
0.14354020836379566
0.14335461786554596
0.2840763064567774
0.14576969997492006
0.24957738111342154
0.12162121199661559
0.22950541806059152
0.07681942235206128
0.18318325934770147
0.20337890204633477
0.11082798818682876
0.08682218629586123
0.2486351523225433
0.15107529264047967
0.1652419817463541
0.19564345979595696
0.17562895583664728
0.23654045487582617
0.15898665607408352
0.2430223250009928
0.18210095736835394
0.18228737810400408
0.243138184863345
0.1591522194968345
0.23661822946988922
0.17560231697969822
0.1953351423450043
0.16535282507162413
0.15112283111349775
0.2486319989491483
0.08684311574956992
