0.018850223804494033
-0.04634268889148877
-0.09504819232661262
0.03558071423696675
-0.03401513849455067
-0.027000409947893676
-0.022559582067382282
0.06979566865127663
0.09265656044803655
-0.0867569786529253
-0.033185987826822604
-0.0016494095810001875
-0.012714670220819733
0.04196839447473834
-0.030139869220239212
-0.027285126361335635
0.00044190203729538514
-0.001118370187893943
-0.06973238529286
0.0033132987019188365
0.003391344177192388
-0.06895087301255526
-0.0007374252462606811
0.0013213922598060087
-0.028009888134471004
-0.03031201022421978
0.04240105797779997
-0.012331959513894692
-0.0015104065445407057
-0.03305085290382057
-0.0865911387414125
0.09248514886370518
0.06913162703696146
-0.02347518664802909
-0.026621728265741256
-0.034280210821883136
0.03613710320190358
-0.09535296301719856
-0.04612455526437189
0.018844296018205593
0.15986048928568922
0.11498997559753625
0.14116566107425865
0.11630469989604914
0.14039326394030924
0.08371339639480319
0.1431591352557155
0.11665160210818233
0.10029740688229548
0.04304272472663133
0.18992008613015776
0.1474390011031905
0.1371391937141199
0.1775022679645178
0.1809461451702168
0.20823825451383715
0.1340034460981621
0.16209802514443503
0.17455963188910378
0.1871567417935255
0.1869601242812159
0.174051453995256
0.16144143285436774
0.13345931993969049
0.20840924622691445
0.18037771591359897
0.17747675148172187
0.1365889113811079
0.14709521615308865
0.18931720940364039
0.042951076965918066
0.09917972473952183
0.1166737578465311
0.14411143175877075
0.08390890006709781
0.14110246723304973
0.11640896982445365
0.1417309493153971
0.11433570302271437
0.15928050189865173
0.0479033921389675
0.06750163781028898
0.044331007788636835
0.05782355404313296
0.09006964621741671
0.030202426076234478
0.016254651235010437
-0.003908566946932088
0.0542623092798115
0.1310609360791149
0.031007301790882905
0.0033631195157357617
0.018734802719396662
-0.015721476618096655
0.16359928107495608
0.041640772337304406
-0.02671086688053941
-0.009575552729159494
0.0327046704714803
-0.047184943796402784
-0.04670334847081041
0.032409347738417624
-0.008975436088846071
-0.027433241268365514
0.04165883231400761
0.16331577516146595
-0.015229492048848619
0.018642484721805682
0.0032408917028669895
0.03021672803082963
0.1311224379663287
0.05383675914626376
-0.003257204267608252
0.016338007163848572
0.029700937347046492
0.09128861958632024
0.057530636914541494
0.043626087522928216
0.06872146231604793
0.04663618180786
0.14633320232801172
0.1172725493311181
0.14416153488188177
0.1599359515867585
0.21138727498913906
0.2164089299611935
0.25684019518525864
0.1707057826614722
0.21673470881743426
0.23562289781298806
0.18179533627765937
0.17386859089203432
0.23824804449411194
0.24463600355543144
0.18298742385346317
0.12918571312515506
0.15946976152954137
0.2113076056295018
0.12236417076281632
0.09989963637650857
0.09924503531750417
0.12176230603557806
0.2117254858219489
0.1588653476802753
0.1289063874164983
0.1832457036535687
0.24503144038839483
0.23912873130022744
0.17560537590956132
0.1816433119022722
0.2353258376717113
0.21668214102084968
0.16985328435204033
0.25710072136362705
0.21594569207205883
0.2113266752250037
0.16107807868011237
0.14427565488363409
0.1167262179824396
0.1480411167518503
0.041771751723614796
0.14791885449227724
0.07489930993242358
0.054901681985086055
0.05079685961751556
0.015344256297110621
-0.0805615301681574
0.03628452184013282
-0.02081958053760213
-0.03911744004959755
0.00959315999736073
-0.07623798593805438
-0.11062085600456376
-0.09602321397556315
0.03250800532061303
0.056043734741784645
0.014497429663580547
-0.051585442501532706
-0.0721729531015523
0.011011968094654802
0.010818966170033306
-0.07229068271258088
-0.050806879040150334
0.014699047832793835
0.05570710277400421
0.03252173310265268
-0.09633205351192438
-0.11138685911530188
-0.07612080524310619
0.009633329414236553
-0.03929786034024579
-0.020264007548942118
0.03610046606588926
-0.08125489411806185
0.015280457778540249
0.05078968216177437
0.056376456254047726
0.07401002267507499
0.14718969203700755
0.04535299893613388
0.2072891428856472
0.20069846593773402
0.13074757783014
0.1979179608662918
0.12974549357799706
0.0723445511234015
0.1559417310860101
0.15449913561715678
0.18762206808931245
0.1383727558619646
0.08019953383232686
0.1888786903730099
0.13537786279103564
0.19429860790356704
0.14583310876217068
0.08147189942512303
0.10020889671694129
0.10106880659807622
0.09086092083423747
0.23740903236451377
0.23804287648538694
0.09107874037218834
0.09966138874700699
0.10096574133733172
0.08114636980969682
0.14560994171192326
0.1949839017500203
0.13514229096865515
0.18893632744296915
0.07973347738148617
0.13806279768980054
0.1874834811634154
0.15492361662786372
0.15548289410289987
0.07175647380253622
0.1318341185775462
0.1979782468149188
0.12920118516183476
0.20062932139396103
0.20841660810890072
0.07412260093884532
-0.18059864477136933
-0.01300457043405808
0.0543409418967549
0.01042235469650055
-0.03025364082175415
-0.01770708469866202
-0.04579897728448198
-0.06398416142467205
-0.04020775322463116
-0.009660632210775982
0.0429657925609802
0.035212410781061035
-0.02336993136324153
-0.12191041895342307
-0.017277145746737558
-0.008207687577435748
-0.2144367412938112
-0.13913154234773947
-0.05299484631533515
-0.05252058901384923
-0.13897800275370456
-0.21415310912679297
-0.00818363747939241
-0.01673841210383425
-0.1212948575336829
-0.023142736656306746
0.03564604764986732
0.04279270429647428
-0.009213598710191475
-0.04250722254024808
-0.0647716340475467
-0.04395865959620304
-0.02118085099816068
-0.030134791116366435
0.013020459629410914
0.054546485857930815
-0.01323133790337548
-0.18131683378004712
0.07565008016404022
0.0479746461759956
0.1983115370858154
0.25286722538795625
0.12159998223919104
0.0900145182717732
0.24314630765664635
0.2787325999738361
0.14421561541801475
0.15928558545853033
0.13232017205940505
0.1868034995305287
0.1502434440147346
0.18717089461658618
0.1947883619983023
0.16707774926987587
0.20953437077206383
0.1504377828546025
0.17074667677450653
0.26008968126217064
0.2366473718081465
0.23675251895490662
0.2605028320829753
0.1713936727562187
0.15046825537113498
0.2094734519684403
0.16722129103605055
0.1947048629055283
0.18654390825180092
0.15105080315007158
0.18754520586910423
0.13113738249750886
0.15925525119163822
0.14432106024333588
0.27928471260608373
0.24292956432533122
0.08956323365292988
0.1220592297709421
0.2532149209850577
0.19864013692994578
0.047424062140689935
-0.09162994316034016
-0.05368604961743017
-0.07865391533132557
-0.10380329936536761
-0.14425436699035762
-0.048398021686438704
-0.07195095870744028
-0.004074829478254457
-0.05784964891012762
-0.02614927345652486
0.009655156792075079
0.037414208490072993
0.08537633588863987
-0.09478378667603116
-0.06981290777014891
-0.0766151042895214
-0.046098258492310765
0.017142576921166067
-0.0006374704151884615
-0.0591526154367223
-0.05860428499845556
-0.00014492039287792164
0.01644888025181187
-0.04551182915767658
-0.07582119773502825
-0.07098185681292926
-0.09490201528748991
0.0860314218102612
0.03729589518003867
0.01078875818152013
-0.025975052726196726
-0.05891551703394309
-0.0034483146915656763
-0.07148356555416197
-0.04802516274309595
-0.14373838840468647
-0.10496189683054222
-0.07897946814396495
-0.0528681679393349
-0.09082011554299013
-0.10547349026161663
0.04129319058663897
0.12850026581727764
0.18067195075664252
0.2172064553307074
0.149142546345202
0.1274849438630136
0.11609984157796142
0.1135931501300446
0.2572192755293318
0.1442617523422361
0.09271775043911978
0.1727908491779151
0.24415341820260453
0.2959907775288016
0.31850326828491465
0.15853998877764167
0.16478476078925386
0.15719929221764328
0.09303744080828358
0.09337792254334207
0.15724074892213596
0.16454235909483325
0.15775649730433305
0.3185349623172389
0.2943007760619871
0.24521824372740939
0.17559347293437133
0.09258596476534324
0.14434465878501393
0.25734789612322256
0.10747511709171724
0.11606227530667554
0.13325290349546395
0.14924757154799895
0.21731619585255782
0.18341410785148501
0.12822549642298572
0.03822534193037111
-0.1010426903049921
