0.007881889775642303
-0.05409825202763954
-0.09023059304939836
0.044357771729525285
-0.026165702734919128
-0.02917560507846571
-0.021224714599299782
0.07615175104960306
0.08527652491027916
-0.09635024716690337
-0.03630529133251976
0.008481512360474938
-0.016164053246279692
0.03846485399288151
-0.01798292380365225
-0.013618451254490016
0.006911134101917678
-0.004777004514086215
-0.08106342157214318
-0.002313948923516001
-0.002193801028187657
-0.08020897640494512
-0.004346194259237827
0.007813522267827907
-0.014325092526487521
-0.01813821231850969
0.03887699209848906
-0.015746656081095958
0.008607884394879044
-0.03614546161748
-0.096164110390892
0.08512101444340824
0.07553411893730146
-0.022136088834589163
-0.02876194946355373
-0.02639637764239153
0.04496677253247576
-0.09056536200792596
-0.053873296065310036
0.007916054127925141
0.140674365042727
0.09728610401758964
0.14466560348156315
0.11241565940499021
0.13274746931333964
0.08851559525118932
0.15355385104974364
0.1157960912461303
0.10479626494439337
0.04625732250500378
0.20278496376817076
0.15876639462373485
0.1306873297543225
0.16769510785132874
0.18356884371378127
0.2164615738243892
0.12792286086245125
0.15951021943314378
0.1742186640743349
0.19473057756285558
0.1945186656321896
0.1737096462367617
0.15884178430079063
0.12738323091413
0.21661968308548474
0.18302355924882754
0.1676746723404934
0.13016539184712528
0.158422679798143
0.20219545627796467
0.0461561678296151
0.10368802478798271
0.11581554446367201
0.15447770652077067
0.08868888721917746
0.13348365581416582
0.11251077909342747
0.1452465865042206
0.09660588604044264
0.14016102860062518
0.04606900348360134
0.053865478095300685
0.03889374088225478
0.06082854756653294
0.09306432203168859
0.03594580820380332
0.011694151129532366
-0.0018739982876778596
0.06911229909990295
0.13670439403298817
0.02415073088300931
0.004001078375773543
0.013319602043825372
-0.02190176002891421
0.15687382903300548
0.03889605829915473
-0.023561100673190095
-0.011075572700323588
0.016024220121140312
-0.0655284045051881
-0.06506462012408368
0.015710277259201325
-0.010495396304335436
-0.0242950927558455
0.03891918102767786
0.15658159208683917
-0.02139469759763873
0.013213351550166555
0.0039034789968872127
0.02335868081915401
0.13676222386316922
0.06866347282706063
-0.0012388059695117328
0.011773527188011331
0.03541217042170297
0.09425380430520416
0.06050701408093452
0.038192789837406364
0.05510420680518297
0.04483841196858551
0.13872218462315108
0.10562266779233684
0.11921191768361704
0.15737635084441026
0.21201932365420095
0.2130287309318694
0.25974325406881654
0.17674703923253468
0.21513969696915752
0.23787305097684752
0.18423546105361685
0.17786367079619125
0.24466610294610808
0.2446168448877801
0.18159853472213663
0.14046940804525798
0.1642342598702868
0.21794252390460994
0.13036426241647806
0.10855609655231561
0.10790785388664456
0.1297496465142058
0.2183534553855212
0.16360170076607844
0.14017217810646634
0.18187802359655747
0.24499436665171062
0.2455470473512942
0.17957375939670053
0.1841067929354609
0.2375451767347241
0.21507767121304586
0.17589136836688124
0.2599951257434028
0.2125885975777168
0.21194043185917685
0.15853720003985713
0.11936190445845263
0.10510689106518589
0.14047449454220717
0.04930087080407934
0.146559032674792
0.07322473827902433
0.043033538487330145
0.03071583658586306
-0.007466224521515218
-0.09368120952493923
0.026669834905145913
-0.015281415138932
-0.028871527337902197
0.014734206587895425
-0.06960383358122468
-0.11818326736088608
-0.10055649447308035
0.03532992243840093
0.05400126053542057
0.015822872819484385
-0.047814075570983064
-0.05591052644399062
0.02412374805653581
0.02394500596537032
-0.05603351931918587
-0.0470544723999322
0.016033036586648727
0.05362911872195942
0.03530657439953965
-0.10085499354334759
-0.11900278247952065
-0.06951948861091113
0.01472254385969392
-0.029090954826745435
-0.014743795288707928
0.026477960922001616
-0.09433749480228547
-0.007461740977193716
0.03076448387759123
0.04454373029177682
0.07240243046206876
0.14587232127962654
0.05290963491411672
0.1663790866482137
0.18417143650311013
0.14424491052653776
0.20441035455012974
0.1304639749965862
0.08324004751054297
0.15147559535222985
0.14469601501765084
0.17810403964493454
0.14379388971865634
0.08671656463970678
0.18233208452155436
0.13404021583357786
0.19804065817910702
0.1490589315133655
0.07767127807457981
0.09981408293255543
0.10310619950285553
0.08847304859895704
0.2339369849811822
0.2345552980659622
0.0886802536577933
0.10167622517919966
0.1005614602768665
0.0773508725791338
0.1487815796445976
0.19870418898002234
0.13379898255668896
0.1823685624833195
0.08622072632938102
0.1434862879032872
0.17798926234800075
0.14513535063898994
0.15103652046218158
0.0826609287205348
0.1325511750121876
0.20445061787407545
0.1426800282849548
0.18413053027471563
0.16752079226453678
0.06823759240892584
-0.17461637278752448
-0.01024925909227478
0.049713038796810625
0.007305253640535143
-0.043628178895880824
-0.03280612339977455
-0.07045686191008792
-0.08359852419225519
-0.05278190001943374
-0.018148840138106997
0.04441351915532701
0.04076459399867651
-0.028210984007578568
-0.1227702861018991
-0.006901515291505753
0.013349160735202231
-0.19363926157732914
-0.1278911736319822
-0.06537038259486418
-0.06488973648311273
-0.12770651183670587
-0.19335581348820763
0.013368227232817593
-0.006355306183650947
-0.12211632416154701
-0.027983640014725693
0.04121211107704293
0.04426442943166381
-0.01768128514864851
-0.055069582564138464
-0.08437448538747351
-0.068603788507572
-0.03627471103458334
-0.04352616746783181
0.009891066699577431
0.04990767912043675
-0.010493118695637764
-0.17533678156896773
0.06978430361039403
0.07085232465397488
0.20380255314689805
0.24264547719267357
0.1108515973435345
0.07042687890997458
0.22486232921205906
0.2670523816639448
0.15478932916123198
0.17082770174775772
0.1370668694269966
0.1884886660292879
0.14920249019705728
0.17924583510394237
0.17935526623535333
0.1640716981195532
0.21713031695833646
0.14582727506533866
0.17949302603807055
0.2661421592558826
0.2570725156938397
0.2572062075087844
0.26658319565107746
0.1801913398854294
0.14587292066294183
0.21707188057870086
0.16423970787100173
0.17930874188129772
0.1786439039062286
0.15004432847223698
0.1892666449271993
0.13589372471610323
0.1707725598452385
0.15490182289106047
0.26763661480034495
0.22469932194404016
0.06998686918509112
0.11133151804712291
0.24298823629849445
0.20409914358233058
0.07026271058262687
-0.08180578475388478
-0.031500431608798875
-0.058167598783908946
-0.0910441485994336
-0.13759966215636713
-0.055401084215754196
-0.07689761034511695
-0.0037543775124938487
-0.04916217519652138
-0.01608660224990863
0.011546419935915118
0.03845207575025055
0.07982524887040181
-0.09993724561911685
-0.06916682180478237
-0.08099692273383582
-0.0569607380373408
-0.0014815871858893702
-0.01652357004826748
-0.07333769206091824
-0.07279842989277814
-0.01604102924527162
-0.002163129318853457
-0.056359640380215466
-0.08021621772580131
-0.07033471793003031
-0.10007024373230979
0.08047198011393328
0.03831416588892238
0.01268916619785674
-0.015874991232596048
-0.05021248489971187
-0.0031268052112727817
-0.07643282672338039
-0.05504979652970405
-0.13709683971385744
-0.09221141676666583
-0.05849109982606179
-0.030687870070690283
-0.0810060966342537
-0.1320779318593715
0.01756388749075551
0.11622294180575474
0.19446837041053894
0.23844194260366486
0.15760290933494164
0.12474953329106608
0.09843525632792305
0.09503367401298632
0.2364443213623329
0.1272319381532939
0.07866149001960976
0.16947865612766963
0.2404632502908168
0.286205823079486
0.3066786982871641
0.1552772228519142
0.1708164904254212
0.1463729886151663
0.06413718566439483
0.0644751148088117
0.1464052589146298
0.17057397644167627
0.15450480636263186
0.30669254847469973
0.2844668931757603
0.24149839579069893
0.1722630592207944
0.07852364298433734
0.12729948165816202
0.23656417118472758
0.08891565248507803
0.09834517048964679
0.1304811812162928
0.15765373298602006
0.2385209371282588
0.19719169501035058
0.1159474521141701
0.01452480757367863
-0.12763326953724138
