0.06283981392899403
0.03157633707900518
0.0958802805273572
0.07419182378805686
0.27486487503333273
0.3296557029914486
0.2503174399251959
0.2627570816544243
0.18625489504493242
0.16646539175417355
0.15752004148073864
0.1777914126611018
0.2163528460090895
0.19847841776202838
0.21869865747132308
0.19734766153813585
0.169527150600781
0.10940512822430919
0.11526711879553019
0.1812016623592242
0.18155310085888104
0.11588281450104544
0.10951641397880005
0.16976080239706998
0.19659406985269182
0.2186801261046779
0.19860125160765316
0.2150090149800957
0.1781321739240113
0.15688495540768638
0.16636360703749914
0.18691909635643617
0.26240564681363876
0.24908960995229762
0.3288565207328351
0.27420153029397076
0.07463806185902733
0.09541775240308051
0.0315305581980378
0.06268078873227712
0.13343273186815918
0.203216531642434
0.04200813164166185
0.14708846582976384
0.0405704426198257
0.12137320698957223
0.18223536640351054
0.2092227708459053
0.18902630514081023
0.18891310224406693
0.1863611257411824
0.19756474166287227
0.24267020294981534
0.2265326221426748
0.256094121214041
0.2548371485926816
0.22161329385050574
0.20026834249995665
0.19315959282560477
0.1406817802615831
0.13987049241522906
0.19472721663722936
0.19956513209691018
0.22001460004092935
0.25670004627038223
0.2560055547989967
0.22588266931586182
0.2418111478269205
0.19791637523262115
0.185255390151873
0.1895834986970388
0.1881677798842816
0.2084937254761318
0.1810776326172333
0.12227721631338276
0.039422923834769294
0.14543241181072594
0.043887820426099185
0.20288386001565534
0.12641551097690784
0.1674972859336642
0.25703402783290136
0.08176991732202825
0.04444066248668738
0.11457225755046711
0.13135056844581697
0.16284052877620223
0.15705812699213526
0.20240260867304996
0.21746792035464438
0.20782915259383242
0.2178504016341681
0.2600202919311238
0.23904874582660143
0.27813330122582347
0.3004683141128276
0.22861854945251606
0.24810010248784925
0.19208736507535115
0.26658167973960123
0.26593242289315483
0.1914276939631529
0.2480172395679406
0.22788521396510253
0.3004774236456537
0.27802851505788767
0.23901408614501352
0.2595183870111641
0.21725639383999365
0.20761498771840747
0.21754672377062828
0.2016466484830624
0.15721474253635964
0.16315649515607217
0.13070490831588402
0.1142225586177209
0.044182267109966096
0.08021384498920928
0.25733283846106625
0.1641464843250567
0.1831547071217147
0.19869732800602202
0.22830833677272888
0.13801350031899143
0.17295921798670752
0.1845326231283218
0.21325616907963402
0.19398161847393783
0.23940781491602428
0.24786110701011715
0.21018312459176644
0.22484350548756027
0.24453337927641933
0.21402942764934393
0.25688115783589294
0.2834963614690211
0.22766709124221562
0.23432946586050352
0.19968891002051095
0.22924230796483136
0.23093894852391922
0.20007514832666234
0.23380774127306658
0.22779404539112716
0.28324353612517
0.25703127079251803
0.21359535961593878
0.2444537490671924
0.224473615444507
0.21011622357955856
0.24752885079266307
0.23944831307715927
0.1926025087812069
0.21358206784390027
0.18478563703658282
0.17342761948377636
0.14103307817439087
0.22736600802946666
0.19797231158154813
0.1881011844254762
0.2123272016829946
0.19209606871688958
0.2906311676416034
0.24904780111153602
0.19938915918807482
0.21303270764857732
0.2214103172859385
0.2552801450142584
0.2861960456356802
0.25849732697939115
0.22400222311354007
0.22231660934605735
0.20851495703800632
0.19346034605894669
0.23129078569244887
0.22824188804228085
0.2735203014536164
0.22775000462235193
0.17237489813163684
0.09655619241694707
0.09647170368665846
0.1722754545335423
0.22845156998743807
0.27346947809083455
0.22883870228124126
0.23210969238090834
0.19344666109904635
0.2086320342336311
0.222360923131886
0.22357358429429589
0.2582120312600345
0.28621771660265705
0.256018773044809
0.2170227264896416
0.21183851541534282
0.20121491502741554
0.2464236569472994
0.2906727340701199
0.19219190954710208
0.20877767472364567
0.17653436189550525
0.14923033906908634
0.17441559709282295
0.2470172571026522
0.2686103049651703
0.1910328690088367
0.19425758429113021
0.2837722381464082
0.2817875465399219
0.25851151456970356
0.28184703595269117
0.23554466469740853
0.20075135628258475
0.2515495768672959
0.2483999573184262
0.21101680070378653
0.23801920289123954
0.20721245984758246
0.09760128795173185
0.06980153476301254
0.0691990747773424
0.0966720799028006
0.20666365347402052
0.23702454402195844
0.2117470675287708
0.24992315050067362
0.25170530878038644
0.1975926402517776
0.23623406757556784
0.2844373872136063
0.2584766332709944
0.27834899069742636
0.283091956108587
0.1966062335005518
0.1902000608845025
0.26858628886651537
0.24704967065196418
0.1739962172092311
0.14860331950433747
0.1766551194974763
0.118127867483593
0.13654848119395027
0.13260312733566398
0.1371788461053443
0.17645926272109913
0.18858442556609858
0.22271866138300103
0.25636367789949877
0.22547133311097023
0.2692963867719325
0.30420443768315925
0.20912986160488395
0.19949104964930936
0.29403996191569876
0.25179629247724666
0.20150204166300012
0.13861593082732085
0.12595970339646764
0.09043361089680708
0.039716375563307135
0.03536210180001855
0.09006973779227691
0.12844909185620879
0.13736416432125534
0.20324174536128647
0.25319083047088187
0.29251749804431426
0.19860968155330455
0.20881742402947184
0.30337143792187654
0.2681476394330591
0.22517526218541473
0.25526975156346315
0.22194119887752922
0.18832186070338067
0.17719947338886616
0.13795879742304976
0.1309856348180507
0.13541654856505292
0.12084238380590616
0.19774639787504716
0.16481364013482017
0.12456554035105218
0.05332019175063152
0.08010140268274087
0.15985592376358312
0.2425163852937396
0.2117302395133468
0.18484537632034276
0.2533702347485362
0.15396342269724664
0.09926170916377407
0.13365112662902023
0.18275244395849635
0.23356910093022376
0.19617591444132368
0.16932495350479965
0.1110368394797537
0.10766021278385775
0.037619148024448726
0.03743676133405526
0.10755566801020598
0.11167324402474389
0.16935490840956857
0.19581658590161313
0.232237573350591
0.18236304614577672
0.13269643124955427
0.09757555402090962
0.15405901718761683
0.2560327704033597
0.1848198721144975
0.21194878541867437
0.2441235188972518
0.1590896945255343
0.08034366801904876
0.0543603766433401
0.1250116411833881
0.1646340941249087
0.1968228721045092
0.27401577064414423
0.22098291720313606
0.1997595943505772
0.14207802795781435
0.12529095935214116
0.1863617092162932
0.22492815809000535
0.17197138947168356
0.20883095268059249
0.15228035433450468
0.045743818770463136
0.04523330698229271
0.07143300863939933
0.08544182401076636
0.20769888658337482
0.24243764442947402
0.19846272687286828
0.1749691742823552
0.12891847533099351
0.07092196118355888
0.07134120208236891
0.12924813947955227
0.17352538317810998
0.19724892424678905
0.24125263412503198
0.20623344405746794
0.08615683927544396
0.07124575817243377
0.045718244357463446
0.04665094441757755
0.15229102044539392
0.20901257666486206
0.1716728154379227
0.22593022730146342
0.18764634299250232
0.1250480883624836
0.1422855827747826
0.1996056104995836
0.2202464596019807
0.27131439046730566
0.2726055108646041
0.2883101855878758
0.2564520068697068
0.24993572147100498
0.2009826608906251
0.23036275830220054
0.19087919542186416
0.19452518765739488
0.15547248797840998
0.12003149430620337
0.1565920160167073
0.10182626484914056
0.09614382521432144
0.10287315676753236
0.10815865977372516
0.20409993397367032
0.15461229858414802
0.17085923666797465
0.15957439503840765
0.03606588925369819
0.035819444432454356
0.16022096352727402
0.17004382969707282
0.15344770195002755
0.20293904336550786
0.10869682941260851
0.10386130344964715
0.09571822083341264
0.10106948759411925
0.15618394865397806
0.12114985594107154
0.15521286701236547
0.19277880610448786
0.19118755678748348
0.2287409889159533
0.20038628405978864
0.25002153860281096
0.25533378521525923
0.288528637334459
0.2734173990926726
0.20191786265847325
0.2689730334970622
0.21300589133090891
0.1904794514881309
0.1562725523192816
0.18905054423924994
0.19300714886506756
0.15040490464347966
0.07723343211441261
0.12556521196828901
0.17489304025281324
0.1633647253474832
0.10610884949620096
0.13005746937638987
0.09432380887317793
0.06147788220020581
0.12899310391301294
0.11570211472877136
0.0660220115386719
0.12074430504201482
0.11839683320165201
0.06510136807968715
0.11630677967448391
0.12808349935512042
0.06205648622502428
0.0954254270807427
0.13030678760613965
0.1057900809316349
0.16260539643517227
0.17476469423522764
0.12667431018693864
0.07679749244681815
0.1505871790489704
0.19269649579083478
0.18850153091129618
0.1560540108712881
0.19031924562485367
0.21339583105182913
0.26864678951070053
0.20239321623587836
0.09619232201824711
0.16795549712209973
0.20369053547238786
0.1300332294231804
0.14699416779801458
0.08439418536148269
0.06765651751512924
0.06093225916706346
0.10399382554302676
0.07241527283279288
0.09782866285970074
0.10470445554950923
0.08012365743571004
0.10245879238347864
0.11751844288652355
0.027234513870030588
0.06616628299321767
0.15497682113176425
0.12067495833312987
0.16336333220307525
0.16362117212079486
0.11920834821207306
0.15446064605664422
0.06612692821227954
0.027796961958943697
0.11834523807610747
0.10213740086278013
0.0794711806046628
0.10495622236991214
0.09820752495401765
0.0743004754333079
0.10435400544832099
0.05899950663627103
0.0679886262107067
0.08560358676581739
0.14764097062993614
0.12995599158775184
0.2052664908818647
0.1671046066883458
0.09074679075650172
0.13175528646610246
0.11179695550043198
0.2403853042804025
0.24092635839879836
0.13272858475229982
-0.031822959234328936
-0.01887226005395265
0.07957723807984321
0.11959308696614285
0.13633669447922203
0.10916994142400128
0.11820960589645883
0.1059118976297897
0.08572949523972696
0.055718410449868985
0.07477606252292351
0.06559600417658482
0.0030257094677896453
0.08793373443330801
0.11394938039051655
0.1140604315119494
0.08749193528376664
0.0038866580497756154
0.06773223018734444
0.07479011264627071
0.05506292741597044
0.08692049915687233
0.10760293314471939
0.11771508387124303
0.10997614256976641
0.13666789487372097
0.1192288684415406
0.07828751029702427
-0.01995529398194192
-0.033509366273560236
0.1325515312360227
0.24178494459321465
0.23841949321391176
0.1109377580756237
0.13416380769665712
0.2055424889584992
0.10117126244628762
0.07458125221721841
0.14962983930322846
0.11084432404225057
0.12848098389148996
0.08005584280026112
0.07873015269532682
0.06466482722736262
0.08088365769768012
0.05858347038451752
0.11088011494354363
0.13850038061481326
0.09688711715654613
0.08158882819325684
0.08329021661146493
0.054642338727591507
0.003148586845783951
0.04490694580157913
0.09044178412407601
0.09006453663897404
0.04498437778649384
0.0022617266311791206
0.05505272652229018
0.08451907776832128
0.08268598975374097
0.09777776582083363
0.13871663796282807
0.110704809470031
0.05658453916384527
0.08032252100535811
0.06276717634949686
0.07799589872883873
0.08139272697768622
0.12789465125449462
0.10915989724804238
0.14913386233616993
0.07426432021299612
0.10170384962428386
0.209668902450452
0.011264561567102791
0.03188089695420388
-0.023433747748659604
0.01303914055242299
0.07178771572568396
0.14588007904022485
0.11826065909412412
0.06818339607707354
0.08794325659066937
0.04548643805545509
0.10613494660191652
0.08763437887024475
0.10705348551121197
0.030109073865872315
0.06370870001526134
0.0878017303781644
0.06931140487875573
0.21787703826497284
0.2341903821885334
0.16883361864643714
0.1696085698247058
0.2359026638021951
0.21894783338165513
0.06776713298202726
0.08643401590070551
0.06290627846453589
0.029493244625719985
0.10679149172394035
0.08796789553280214
0.10648655316091231
0.04607017840445088
0.08869585796600381
0.06922427010679832
0.11818409189159086
0.14493754418397214
0.07218891589620774
0.01345971708377664
-0.02301007141086262
0.031962776319845745
0.00919793086874833
-0.06246829793002317
-0.005403139985857315
0.030692029318673653
0.002079698391099942
0.04130651714823929
0.0725365166099317
0.14508049271921333
0.06827201928536913
0.01888361723553233
0.03959813994555791
0.04752814161110171
0.06659023250726694
0.014477318580783195
0.009375446450400645
-0.014675885959473587
0.05206396480260314
0.12159220280877357
0.12815975993284554
0.19123197649400725
0.2764149067298178
0.2767181391788337
0.1888861841522837
0.12906771749122298
0.12513954149063294
0.05160452353052483
-0.01382159615629811
0.008193822022001853
0.012432761003974878
0.067860621442322
0.04924273854545564
0.0397755762917752
0.019194057938402124
0.07004273724987782
0.14554510301698215
0.07129056492718001
0.04173456612856842
0.002292291593526434
0.031293397111686855
-0.005537694114262702
-0.06618257435673813
-0.11855115896564004
-0.13214412462976494
-0.09950812587068918
0.009093165804813253
0.05943074281598294
-0.006128819189196069
0.04167879938380695
0.16029937396438707
0.12902591635230018
0.1349555118148253
0.07113188252570145
0.03955541725847091
0.049536829235275255
0.08468258288667013
0.029542156494964417
0.046673264552915456
0.10773634370377447
0.12194654812571733
0.14779661538525873
0.18525285723872184
0.18511065083525052
0.14731085468907337
0.1218349462354554
0.10777413054246908
0.046909697539960486
0.030601369182105376
0.08399713233973617
0.04812885084218571
0.03936119981563149
0.07133526059415149
0.13559450327615682
0.12823795797498505
0.1593571847933138
0.04151841033005664
-0.0046065738179205985
0.06277333861955584
0.008983488529805898
-0.10167457653308565
-0.13139926994778475
-0.1144154542089132
0.029145563702753806
0.04603062755306809
0.001073367511451968
-0.05881964491551493
0.01019224768867172
0.09693674274804787
0.047596817306696265
0.07630234997062893
0.17203894028336192
0.18797391187963805
0.25664305473692767
0.22671051012623003
0.17176484011522078
0.14555645154999122
0.16042900933779095
0.09861426753436062
0.1166892893703818
0.11004125428294381
0.09500749417247663
0.09403280089627597
0.09355869786248582
0.09470816910401106
0.1104660447307568
0.11636887310381017
0.09711937979091777
0.15832506127551707
0.14444548193422188
0.1715038812490849
0.2266542441394465
0.2561507980336757
0.18957311430242674
0.17324114574651878
0.0770373934382377
0.04918299359407167
0.09743474063481253
0.010829023697854432
-0.05857877848062518
0.0015690393595147493
0.04636378134509906
0.025354346457440217
-0.14474953028997323
0.0148132225469692
0.13844978383111534
0.11867688990360904
0.030627323461247552
0.022952544635696306
0.030768531401496237
0.020670829962874983
0.021144095566828034
0.02267162102030259
0.04626825200619
0.1517665929954748
0.2599683044219903
0.33592528598242355
0.38280014293515885
0.2931636835794682
0.15422354851042397
0.10007382352725686
0.049309588286711566
0.025761511482926602
0.025732969829402094
0.04872680485713682
0.09872790203801944
0.15477746703462628
0.29378000598722037
0.38263968865641884
0.3353297977880778
0.2585282513037499
0.15140850935488073
0.04530775177050868
0.022644514838449446
0.021317183251937617
0.021158942204012078
0.031274863048591325
0.02177345760650345
0.030677522355569073
0.11869281866858393
0.13867369162013982
0.015028594050975489
-0.1431623699692108
-0.740685281039444
-0.541023608739576
-0.34593952490366514
-0.09362460690231669
0.007899197768832581
0.03165079643023384
0.009913309883864688
0.04368473528102349
0.10396485954728542
0.1350056425950776
0.06709267720645394
0.04710886412248214
0.12400116574747046
0.1334091993273862
0.12455932934560261
0.20609544744037028
0.17784819436218435
0.17715732336888754
0.14307709399362742
0.058076350276425735
0.058790673074252627
0.14388640165089112
0.17758169470636345
0.17962402184611012
0.20797797603790155
0.12583815018453934
0.13476150419247707
0.12362527686883465
0.04471983859138285
0.06653785792613923
0.13572682221361243
0.10363495588002544
0.043022191032869805
0.009788722138630267
0.032435425890987135
0.00863250594749179
-0.09330912041655073
-0.3462930883904986
-0.5407394122968182
-0.7387194100283024


0.3550501628238342
0.00759295688995573


0.015973231717199318
-0.10557262710575147