0.1899554259233816
0.11515111059518164
0.28267656432842775
0.31999273866012384
0.17325197821105226
0.15008047369224323
0.14047518539941334
0.15164468535049364
0.18249991242947475
0.19092633021266336
0.3598244155815715
0.2908230685503652
0.2047961533394484
0.20283056369904923
0.1187939628103893
0.09030772215280433
0.233385851069809
0.1917118136796166
0.21548671562056793
0.17660535682699033
0.17987420382815056
0.21406602943524353
0.19298043556001304
0.2334199141292511
0.09142164107061283
0.1168551882058242
0.2043279479241734
0.20743549765994088
0.29002129435583945
0.36345582987245706
0.19313035988428992
0.18336573942834308
0.14867712962142068
0.14174388533174248
0.14990936569523672
0.17577966926057928
0.31867455419846574
0.2830392395609842
0.11458593119922604
0.19211956540564396
0.19103484236201754
0.29219722312953933
0.13531095169382915
0.3012182661159187
0.2183541790621327
0.2188742743669628
0.21274521069658414
0.19332255435877616
0.2455368795037266
0.1451915420413356
0.27640901143222224
0.22446258057667942
0.21554852280941256
0.20932177670088806
0.20270726451353055
0.14039702172179416
0.194956435168603
0.17971769237411525
0.1748970893897432
0.17555459398797132
0.17958361648722956
0.1762838197656531
0.17794183029400876
0.1949134930115655
0.13989851393352212
0.20105650052691723
0.2091040900072396
0.21721732646953024
0.22506235560076135
0.2736912759991458
0.14260615810192334
0.2437110962168404
0.1928417091018064
0.2119446269551444
0.21911445675818592
0.21895351229377613
0.29949710706328386
0.13604526310186194
0.29012589335935046
0.19113012909786378
0.1993750850834778
0.2873158928764031
0.12036402864221764
0.1960220308773924
0.22542302600248254
0.2738490498579599
0.2706568336567273
0.2531217572518442
0.2530218689665059
0.17741297952886942
0.19999500706883366
0.1924945150327351
0.23634222320374254
0.23002181558141735
0.26026600949084555
0.21468139671242442
0.18334424243200112
0.2233834466295107
0.14499238300596284
0.19457553649693649
0.1894877199965729
0.1391713112373156
0.22421003413932597
0.18376116301051365
0.2137845689572188
0.26316747523666006
0.23078837535943855
0.23333302236677655
0.19084215206596536
0.1999524558695561
0.17641262526510645
0.2526034418856153
0.25722676554974044
0.2688837972509241
0.26981176269552287
0.2241009430695747
0.19620754473435134
0.119052472339001
0.286976107977911
0.19852627906440717
0.21457204116469808
0.22868866883052438
0.23037366097418363
0.1784325205304531
0.21018026575630785
0.2766647327328971
0.2616506172678217
0.28312560509507145
0.24514619954449823
0.21980327495333835
0.18580279378651934
0.19792025402948538
0.24614600548422863
0.24171684792014655
0.265905894246607
0.21438299062329683
0.18185827811388816
0.22352107779155037
0.15245430989545297
0.22468454652094094
0.2272022508259161
0.15410237136745703
0.2224885335332072
0.18246921632344393
0.21420614520369347
0.2642737481014568
0.2417274672063706
0.2469950535904518
0.19814614950306955
0.18651617260871892
0.22242059470741468
0.24625285134524288
0.2824562201744728
0.2610423520482702
0.2762026008039294
0.2103482600059023
0.1785028200899747
0.22760040316883515
0.2298350003316895
0.2156009793446989
0.18612777154357685
0.24614933796780714
0.2613287462786222
0.21771705731742633
0.21423697544876283
0.24988684721469664
0.2008576865213169
0.22725387987228787
0.2744223558384828
0.2883504868912254
0.19760480501871552
0.19779215270300599
0.24592745182936035
0.199406607514952
0.23500132566627066
0.21947005617191553
0.2051896213918683
0.2061017092741505
0.1901867562993651
0.24822369395371405
0.2483174641628001
0.19142045864516785
0.2038193087289161
0.20272898673219272
0.21772609218304498
0.2340209654406266
0.20018790421007016
0.24555148522215267
0.19800471088724658
0.19596354345775227
0.28816412075041326
0.27171726651703587
0.22709393766911606
0.20426263660135946
0.2498189256972752
0.21333104258845964
0.21816509631653322
0.2617691793433133
0.24670649263993602
0.19035840955387032
0.12713657696364258
0.2915828265995535
0.22844012149791537
0.2319583668605071
0.23598336786746335
0.24919976318171563
0.1756499916973426
0.1757151465782552
0.31172001467949556
0.29774303925995627
0.19568263553458973
0.20055564244583646
0.24486433827259646
0.1569625104318615
0.19778715405963435
0.24683707909907907
0.21741358070242064
0.15777162997700794
0.19088251686745553
0.24599065409267412
0.24363024299381805
0.19104177645132134
0.15678983666711901
0.21693353426235568
0.2478356881352537
0.19722707953288549
0.15780858085341623
0.24302739363904688
0.20046753945517534
0.19547332364337108
0.29847445697627367
0.3094597844378968
0.17632789100961782
0.17769125519455528
0.24881553116381383
0.2379803117694098
0.22977548936041545
0.22676545550826066
0.29175071354358406
0.12558645394938228
0.12078444132908482
0.2699733806697968
0.2416233686859105
0.19761029692358836
0.24473243369812786
0.27049259665483816
0.2038029531187731
0.19974798461082097
0.34690681932672995
0.27810148967639076
0.20449552582358643
0.20167697113681352
0.23322856388407173
0.18859964519571115
0.1994970093199972
0.24526929282475673
0.18351043602622738
0.09229593123395557
0.17116171782251247
0.2270757103746786
0.2257005824170705
0.17004824293528178
0.09475344006355621
0.1835609784351403
0.24459938947717594
0.1992920624069187
0.18843117933968487
0.23250013509039702
0.2027640173322599
0.20596812897283734
0.27852979402799666
0.3453091880334604
0.19998540157321834
0.20065653451493498
0.2696280420642667
0.24643733204683424
0.19704949579045392
0.23995440571692178
0.26800499198516264
0.12075354512198094
0.21569487750404875
0.211681336423706
0.26275290576798754
0.1878946209350323
0.2306570847660485
0.22534803322065053
0.22798510801492733
0.2283575625607945
0.3235804859154923
0.29093869690641655
0.2149868756537208
0.170481329267227
0.2130772627054369
0.24006319246071692
0.2231482188808823
0.22779585458848442
0.2263690554983006
0.11950175170226231
0.16740151413295953
0.20127110196852985
0.20287836953751212
0.16721084660821714
0.12001078233935758
0.22536136191283868
0.22818491551170428
0.2236183602007416
0.23946135031586568
0.21321381047070637
0.1726075738627495
0.21477590038496366
0.28857092458616096
0.3218432625272291
0.22982922247354268
0.22669305663728193
0.22216201676002337
0.23072898748744747
0.18944889628004935
0.2612698736365729
0.21214707047914644
0.21855711877155168
0.2600106207928705
0.1974075937332317
0.23246259209715545
0.2230880040321266
0.20558760756685732
0.1576834745713857
0.25072639202268066
0.22194567589200342
0.2405153272813953
0.2945108378525625
0.22884004292062823
0.15407146141504127
0.20879155762827095
0.2502423756908558
0.2220055202169882
0.16921550197293073
0.23737931480474472
0.16739875467429813
0.16963542093514863
0.1861236097786528
0.18734744470787654
0.1682271517106077
0.1685398969183493
0.23817404181988364
0.16820573438895725
0.2208268469583266
0.2494753099203624
0.20771239041588088
0.15282040591433152
0.2294712657516794
0.2959279858174784
0.24076605797596107
0.22141789727341285
0.25142501935841277
0.15534666584446977
0.20106495987267933
0.22190499340503228
0.23265553679099973
0.1994926373486365
0.2603816581573345
0.15717202849769774
0.20409501991028572
0.19630926011579009
0.22064549190641763
0.2099041651936076
0.2044447427605047
0.24493935082908205
0.1960243056343314
0.20814761845699614
0.2810652520585604
0.25496365920397585
0.1839375528044336
0.20739772229404907
0.20517298384773633
0.19936861109218867
0.12981527185382977
0.16396624303679758
0.19229488766300798
0.1611799203531405
0.13262226721747683
0.13191999979276767
0.1622439837711647
0.19188220186646884
0.16407419349938104
0.12702115190225413
0.19463633711760805
0.206054655553271
0.20697062571497418
0.18610893878147733
0.2559429911018984
0.2825914650185857
0.2092684621698318
0.19276482552911553
0.24632734434241563
0.20487941038161486
0.20865760639720757
0.22095113508383263
0.1937692734359706
0.2024125473008053
0.16139893366667096
0.06799227020850367
0.20525319809325193
0.2391026427741662
0.22010179576923142
0.26534230513519574
0.2930862860405008
0.2307092441193264
0.191786233258358
0.23166636738930407
0.2582736023259667
0.26148811842227176
0.242327871553152
0.21165458648197286
0.17014514639911457
0.17486356725774763
0.14755137568265178
0.1278226300339703
0.2335112926854698
0.1582072484718064
0.10031690742596747
0.09972053524960152
0.1587793611263361
0.2292692755103387
0.12641968274925178
0.1490405438680449
0.17453920912368887
0.17222990247889458
0.21340780363109546
0.24312377284050782
0.2600709906060871
0.2580193013810405
0.2320965622813376
0.19045416170538262
0.23154916125618188
0.2968260896460618
0.2643374037640707
0.2193054856432703
0.23921556858004606
0.2029869448401744
0.06797010960916562
0.08374933164353351
0.18442461816123118
0.24071827871212884
0.23401368988114046
0.284654990069465
0.30128245633110934
0.2947870735299912
0.22130058789303217
0.19523969909209946
0.2018743833676485
0.23038605020230937
0.2877941258293376
0.21767991334146194
0.21117818634682653
0.18705148211978145
0.15218364025577832
0.11582992445578029
0.2406383534768451
0.1928990789890314
0.1657100478062501
0.16381569795422585
0.19051168740759217
0.2398101031461202
0.1159189861165508
0.1551929990728699
0.18847643826151778
0.2094170371963671
0.2163093145093032
0.2839403935126105
0.22619328030604285
0.20207718014895512
0.19677634990052495
0.2192874041424154
0.293149856859815
0.3027304116628588
0.28247698188345
0.23480064863108382
0.24178228399524926
0.18411055262140008
0.08642822384477124
0.16956736212235618
0.18013157860324014
0.16220147865145856
0.2358046107301896
0.24185565357082198
0.24387328725291887
0.3122940598190019
0.20645038500631985
0.1268680421873427
0.16724918997761085
0.17504998812089578
0.25695924376111706
0.20030214929795026
0.22518253409747233
0.17932906930359857
0.16163644807176616
0.15327316616175393
0.17961262433126213
0.21292293886798178
0.21391494674143174
0.21135252206472718
0.2092681189873652
0.17997998649128402
0.1494939066413425
0.16145292152586854
0.18448774078160893
0.22573952775664258
0.20114362587821044
0.25627502621780446
0.17296683440865032
0.16673394095745847
0.12653889646794372
0.20273389977258974
0.3124888179011192
0.24563569654102374
0.23845995915935148
0.23602634451255394
0.1637134030260884
0.1820619731928749
0.16727891044812232
0.16518035232494707
0.20747519164509517
0.17855859523390324
0.2660953631582847
0.249316222983724
0.20836957709200282
0.21581927670674367
0.19949071885806788
0.16239055657629914
0.20760600434757656
0.15685836389383423
0.21022957667427614
0.24808962831437817
0.21964553235112716
0.1509267804086505
0.1837469746761591
0.20656744874990865
0.10025759372768658
0.1830246094764255
0.24488499268662706
0.24561426816697182
0.18394293690369778
0.1023433112129022
0.20629596660560381
0.17992326528358824
0.14783329658378622
0.21940985987429265
0.24866615552486113
0.2133546285314731
0.1612254735999323
0.20700764855071055
0.16122370032304614
0.19783905999527518
0.21619231231919578
0.20795972600132825
0.2484659563800798
0.2647304368612232
0.17628064339942973
0.20960900870292884
0.1658897901413421
0.08987103121643582
0.20474672174367742
0.21559490910484494
0.26191814683891634
0.3137250375026172
0.24727919407514945
0.17684596812095416
0.23936753132163582
0.22258302248133363
0.20856917991948634
0.17999870273463725
0.21250859627057656
0.2880301512732457
0.21854434310583126
0.16168922113333947
0.15800849399180278
0.1873182019085204
0.10362526704756313
0.1480998599340305
0.22777724198121954
0.22709405733683596
0.14946645717278229
0.1013240688103857
0.19078895398650902
0.15808791797530772
0.15785936707283266
0.22326309700451324
0.28251776065863127
0.2103785225232381
0.1845019994033924
0.20918212424688012
0.223282321898128
0.23837212006217615
0.1752516143654022
0.24486934879340388
0.30990292612332654
0.2602836296610947
0.21707642266354812
0.20656429996396233
0.09364667792295639
0.17966320773701228
0.2128533785355196
0.20557671752764556
0.18868577109589804
0.2572456074296875
0.26819168852830644
0.18385812115418818
0.19779118583898683
0.21002850841741796
0.1562388087611441
0.18876720652109918
0.17926708725771462
0.17347198395135868
0.15054571853154466
0.15963303850537042
0.13741888581437445
0.16601399822874746
0.2035852212953724
0.13245065135730968
0.10744987496952892
0.10892391670944454
0.13344847698783305
0.20052150687856132
0.1687827562845744
0.13752415328253062
0.1587968237549926
0.1544420551516461
0.1688105364046416
0.1736363955856512
0.1897881711569997
0.15845469409381968
0.20783648243760017
0.20031711455452061
0.1879466556407675
0.26659207653372347
0.2572426102543463
0.1918853817204549
0.2039272451459907
0.20851080171987788
0.18288075763091938
0.2770951922910166
0.2031059040815119
0.1998852016673199
0.14439602954172542
0.10712033864081598
0.20631455062642204
0.17670355851701938
0.15252663503514882
0.19521777529976034
0.16116821330658404
0.16153730919489662
0.10728347690208552
0.09198351986983637
0.15883396222432253
0.20061220154928777
0.1954272329245787
0.19050621594817707
0.29064751885580153
0.19449946626992726
0.1162506122176551
0.11726696865958
0.19546863584508906
0.2895599885420689
0.19463299270852402
0.19690975128615662
0.1953536977915888
0.15805238100884997
0.0973900059553577
0.10780435399678905
0.1562143980847605
0.1567359524349071
0.19507595332729485
0.1543368158037583
0.17617472705339285
0.2062358874010081
0.10747887416082372
0.14439467549885904
0.19601980291709659
0.20079736424163133
0.28110199243118844
0.23648600803677836
0.16381457092360344
0.14604278466398032
0.1338093903632257
0.07523955470603337
0.1384872479261425
0.19700623686055738
0.21604893156315103
0.17990043292678293
0.16773492837833426
0.1329038938613939
0.11397945992972913
0.13992824058515696
0.21943744168365528
0.26823419574037816
0.2386644135266532
0.18322233245816624
0.2478473497708177
0.22880389451890998
0.18335453372412483
0.18393697725511238
0.22981059738786408
0.24679065970096717
0.18365369379510935
0.2401055026568126
0.26777493246886314
0.21821660446502597
0.14133915695238464
0.11551533391585884
0.13336106958740226
0.16764572102414266
0.1804361002432675
0.21396262447395958
0.1940640224580498
0.13935888388665926
0.07138880181075972
0.13116074504659803
0.149377004105923
0.16395668725952897
0.233627048968775
0.22268152190633542
0.16290730300733053
0.11814159149885502
0.12056179553011716
0.128051517238586
0.09585168199222036
0.18937997281204705
0.23599045069376975
0.16651889714098161
0.1709711929843058
0.1667599344537282
0.16775982253728072
0.1524351615493491
0.14994787368856458
0.19653847417363585
0.1964450082850701
0.16795941092934513
0.13285986150550969
0.16161891845571533
0.17261191928812758
0.17260916773910553
0.16180089810020196
0.13545828679605218
0.17052997299697675
0.19735406691260454
0.19591632941262296
0.1488884271659909
0.15359232847645138
0.16454363619240317
0.16584351775564818
0.17564932776592712
0.16589758739551844
0.23339085960132627
0.18737141630865034
0.09532650558610403
0.13043664743787647
0.12251263676344572
0.11889553723558506
0.16261231516301108
0.2260441721347624
0.16973988558563974
0.12143104472401399
0.1571106384336004
0.10171537444591465
0.08539890558322603
0.07178603307698354
0.1442024047246544
0.15386278903893305
0.1919623091421882
0.18252493002347803
0.17596460521173893
0.14923935858397305
0.14749702207839335
0.1301031424236616
0.16223277882791962
0.2344472296984071
0.24780958018484567
0.12915004167318883
0.1804408459590087
0.25068289094905727
0.2511022457905339
0.1806409256176951
0.13065567445021484
0.24862440334746524
0.23143160277981278
0.16156748628501272
0.13046977659712525
0.14760107656783183
0.15068464734143236
0.1721733023149666
0.17874705762047036
0.19386032405910023
0.15857911714729578
0.14227311100150228
0.07342335932644684
0.08623436515516351
0.09794021442539776
0.15634737705209803
0.12060053381379103
0.16801771971246304
0.07899599984861394
0.08971362051830206
0.1282083795006807
0.07692586832933072
0.04120998426085295
0.08387169004504101
0.12758869561543634
0.1257551067520129
0.18745261382586853
0.1532967263781964
0.14625073093514288
0.13242663757160644
0.15348344617428697
0.18751976666036155
0.23314659564794654
0.28664178419002956
0.28195184223713665
0.20057081040750593
0.23230821733407833
0.26893673018050784
0.26857637257476047
0.23050651332392566
0.20196432216019033
0.2845179762685593
0.28690683291444674
0.23382389335102713
0.18531943686457056
0.15232310980304603
0.13430115157297132
0.14730919137597856
0.15285299174678327
0.18467224724275025
0.1275025914003981
0.12988249683003364
0.08142805248618205
0.03734311107347237
0.07752074936956183
0.12939663068542792
0.08977284032178244
0.07932091018708003
0.06452783717895069
0.12613137137722116
0.08456561739541896
0.12680663306435222
0.12908698861137316
0.10726435306447848
0.10216027094337758
0.1376793705901681
0.139564722446465
0.16786337842897517
0.16601039269505852
0.17166313328973537
0.13558395882393584
0.15229815225492951
0.19328762947423922
0.20033285396189876
0.21238103242655476
0.20923047698764982
0.17840377998097115
0.17568389839215293
0.17367765001150023
0.1803146977822044
0.210830853241653
0.21102839046128738
0.2027225944197651
0.19539452682192968
0.1526557017243024
0.13420340158099828
0.16995138471195229
0.16592383833468693
0.1643361843263532
0.1378944835660317
0.14143628372685718
0.10189612668528657
0.10684307217587685
0.12961201856756607
0.12671154146062158
0.08571969822583628
0.12458711417638643
0.06511499469702278
0.010216627219374405
0.08381314212807081
0.11815120937082386
0.16094728922969567
0.17547559087345146
0.11161202216754461
0.0624900303142585
0.102046091690127
0.10679753419164445
0.19157789618985144
0.18676396719587346
0.19141477836503584
0.1710876154029818
0.16236653547420626
0.17417189885005663
0.19570447868100804
0.22958636478822805
0.2485325018772923
0.2122160810561323
0.2134535803246594
0.20202962720321344
0.2128093604164534
0.26264670160039366
0.23150879470075503
0.19623527840876603
0.17401670961441032
0.16179419494796943
0.16991522289923927
0.19068475036933924
0.18814153850459017
0.19039923049131435
0.10439646679366067
0.09770658612765552
0.06252192522334353
0.11512503720639873
0.17671125598382198
0.15898729116009017
0.11851935826246654
0.08425568874911313
0.0066589379829671835
0.01333593827947096
0.02489155076339605
0.08391001962287888
0.07135683101002736
0.0841838905095019
0.0990985955327713
0.0627950112007061
0.05240556166798506
0.09268784949504293
0.1589875692332282
0.20992732941916328
0.2112836431916139
0.2384608062225772
0.2231733113111594
0.20976924924045914
0.26409145988936045
0.2670151056922239
0.33083205223045264
0.24508287908060344
0.22202886547875722
0.22097672303248925
0.24005819259953545
0.32901333141101996
0.2569014727467561
0.2594046201903607
0.21631409586490763
0.22531213545328854
0.24115164667264824
0.21096510800307522
0.20812675255755622
0.1600679779085004
0.09241865070024158
0.05432200091286263
0.06325668327727477
0.09553361008653517
0.08302184164631837
0.07026308829952635
0.08594368264688099
0.02585493641436403
0.014740054152102954
0.1131623630978025
0.05442535117148068
0.008104083266610216
0.05622498897835154
0.07012376416718033
0.1130895666776679
0.11732628972353296
0.07265954249711762
0.11186246642840351
0.13304420439546835
0.22493025472249142
0.23318395493433638
0.2353341213819102
0.2040840596009541
0.14413572431928587
0.13227571570234
0.16635918508481776
0.23233730720023918
0.24820872932740692
0.19219583248444613
0.13253152208315205
0.24315358754043248
0.28290756117605936
0.16229295101780444
0.12971706091972668
0.1442896588405317
0.20380585299678866
0.2337038884799543
0.23303650826572148
0.22345473227090304
0.1318134795591192
0.11326818626666646
0.07530909536079701
0.11601258070976318
0.11297846469819907
0.06903817619973593
0.05483760122563399
0.008058754990752497
0.05624823922470112
0.10954050848124963
0.05568548859724812
0.07557016693735115
0.039743410728814425
0.11529236090769897
0.1539377876275273
0.14050349390236425
0.15488910342119072
0.15431501857913882
0.1626718489181793
0.15322897936653435
0.20039260362387182
0.23133232288562522
0.2090406939536932
0.21786650004315689
0.16812177407311824
0.10892991435475254
0.18459576604325434
0.20417309360397212
0.3024234548368226
0.25931200583495806
0.26115309005788356
0.30090286364314894
0.1997801315839661
0.17920889914586738
0.10673827429776359
0.1694934052706674
0.21919057567326544
0.2117126259880885
0.22918483851606156
0.19845278494776397
0.15404185998563355
0.1622099246300251
0.15391147124920315
0.1556381461925975
0.14217345984723
0.15540803738539566
0.11354352107826861
0.035670330350712404
0.07560179804847944
0.05142794885020325
-0.09772106068778946
-0.0009615649445465351
0.06641889565387629
0.051016904106012
0.12026161243182078
0.0957418351853144
0.0968220525610007
0.17786106669249455
0.1932147233546018
0.18837109809890137
0.17030883780253567
0.2173035652474843
0.22648242140806624
0.25528615928401244
0.2969846556805985
0.28286151574420687
0.25163847563040687
0.1822302873016917
0.2653598464150703
0.34950005169699294
0.33744380157101544
0.2651857956253053
0.19542783674614508
0.2534443790874487
0.28324148275802374
0.2965241124083292
0.25568360743021123
0.2245810213745023
0.21605024915548346
0.17036671567321107
0.18521466269657008
0.19524831256380787
0.18008886592518472
0.09676195519826249
0.09618338878624681
0.1185481805571895
0.050603664874960826
0.06854554539933361
-0.0004538795618043872
-0.09405240775251371
-0.02347317264840712
-0.004108003964779559
0.10728273060596903
0.058247366325755105
0.04044219998113379
0.0884413592495853
0.10092103239820394
0.14063225276901864
0.17253140638585007
0.1788227840001167
0.1334528220352468
0.154660477217951
0.22064534788967663
0.19933561067960986
0.2091756443453485
0.21672281668251434
0.15535262056058957
0.11583233914508242
0.1264839060549506
0.2244384329547152
0.22372049342210423
0.1276315451238204
0.11672748314425471
0.1549924108609402
0.2165644212130965
0.2099081863848553
0.20170270429635437
0.21762752575202776
0.15448545483560383
0.13319064142638606
0.1767384821186845
0.17681536063747177
0.14286101376061183
0.09920027747979003
0.09182421221841545
0.044867080171252176
0.05674939423009738
0.1073228096795895
-0.008226944225133027
-0.024723400241355924
0.1450603024005136
0.1736041342051064
0.22620615562245586
0.23240464430159805
0.14228211065833243
0.2351714979325315
0.2982083011470352
0.254234663394403
0.23220413519672853
0.2326760591943139
0.2056854475789753
0.2182178805727656
0.29990211158621655
0.2837618550055798
0.20054173670506875
0.19853005412710734
0.26658953000396585
0.34108347966266533
0.2690738909924534
0.23757147723408842
0.23947251593678254
0.26962715110546753
0.34021988803177516
0.26706374603955657
0.19873619958828653
0.20100211752648808
0.28202504786323634
0.2985844136131787
0.22376725242085413
0.20370624150565855
0.22807160559786152
0.23333822143831912
0.25107310949060613
0.29435648296613454
0.23498420566279973
0.1430421522326374
0.23221812778241416
0.22462584029935573
0.17121448952237206
0.1455259638683526
-0.292341170777407
-0.06383299890729421
-0.035466586980981034
0.048803886373880556
0.09070334979178796
0.1181158656933036
0.23287896585446388
0.2435623158141334
0.18679044217998905
0.1633210210693191
0.14898579865655104
0.16134750358211605
0.16508565328104824
0.22856568448445663
0.24926486925382557
0.210488990040105
0.19460961890316017
0.2571606980660361
0.24638404928086177
0.1228538143064001
0.12005889809271893
0.243367046339594
0.25680179009813736
0.1994342216708755
0.21570797669952083
0.24593898818052537
0.2258923055503956
0.16577711381732954
0.16091233329028187
0.14994767650591997
0.16253176586290927
0.18721480860936104
0.2501297163475777
0.23159368967511074
0.11791737829363522
0.09017003092503832
0.04917304250453229
-0.031994347104716506
-0.06418129064936685
-0.2927117393975142
