6.7229346912018781e-05
1.3318404050965673e-05
3.417014477967375e-05
-5.5719976665453271e-05
-2.6200974618706601e-05
-2.6200974618717413e-05
-5.5719976665455324e-05
3.4170144779662007e-05
1.3318404050961167e-05
6.7229346912016288e-05
0.17362773540800441
0.17355539731003561
0.17365180964625285
0.17363613771091027
0.17351525694303008
0.17351525694303008
0.17363613771091027
0.17365180964625282
0.17355539731003561
0.17362773540800441
0.19820187714494636
0.19803108950191903
0.19811235793415169
0.19813710906970497
0.19792475485364211
0.19792475485364211
0.19813710906970497
0.19811235793415166
0.198031089501919
0.19820187714494636
0.24397419683836036
0.24380281639984522
0.24392643030668706
0.24390100057806582
0.24364346823426614
0.24364346823426611
0.24390100057806582
0.24392643030668704
0.24380281639984522
0.24397419683836039
0.22146498424945196
0.22133688778258506
0.22130775733997737
0.221417788096128
0.22125458292269826
0.22125458292269823
0.22141778809612803
0.22130775733997735
0.22133688778258503
0.22146498424945196
-0.00034500953354967934
-0.00041279593438730292
-0.00019586664398189878
0.0001569803321846337
0.00017635447435091942
0.00017635447435090004
0.00015698033218463926
-0.00019586664398189504
-0.00041279593438732048
-0.00034500953354966703
-0.00017191452430938639
-0.0001694379235428496
-7.7342527533066213e-05
0.00014210916403158683
0.00016388517130206965
0.0001638851713020638
0.00014210916403157794
-7.734252753305876e-05
-0.00016943792354284125
-0.00017191452430939384
4.0275728143509981e-05
-8.9836622332433821e-05
-6.8792793194846937e-05
7.8832767954262255e-05
0.00015749696406423518
0.00015749696406423428
7.8832767954242888e-05
-6.879279319484897e-05
-8.983662233243332e-05
4.0275728143500305e-05
0.00013435960017959325
-0.00011689614472848461
-0.00030761558950314987
-0.00036790381982744605
-0.00041537324630847613
-0.00041537324630847429
-0.00036790381982745087
-0.00030761558950312591
-0.00011689614472849499
0.00013435960017958774
8.6926448289071026e-05
0.00014077518189382871
2.7236281466682469e-05
-4.5581807121310517e-05
-8.9916021349304511e-05
-8.9916021349308902e-05
-4.558180712130965e-05
2.7236281466689814e-05
0.00014077518189382747
8.6926448289081882e-05
