6.605742936766366e-05
1.1942089746794776e-05
3.3697382218352386e-05
-5.487967371364015e-05
-2.3846741096298527e-05
-2.3957377246829445e-05
-5.311801537665126e-05
3.657026769952814e-05
1.4464294614702059e-05
6.763456122324798e-05
0.17362934494949325
0.1735570563821961
0.1736527767155604
0.17363733646309007
0.17351589092429107
0.17351473881049467
0.17363643590784666
0.1736527617295819
0.17355592549297874
0.17362752698262804
0.1982017680500499
0.19802931436584695
0.198111206210999
0.19813717272583192
0.19792501204774238
0.1979238079463342
0.19813594190376302
0.19811005750265462
0.19803069787097374
0.1982011938146559
0.2439756502645941
0.24380326916465314
0.24392617065569036
0.24390195019718885
0.24364406023637916
0.24364412759733298
0.24390041041225657
0.24392671266748253
0.24380475737561585
0.24397355629180725
0.22146627065811983
0.22133531786397864
0.2213073845141528
0.22141882438152788
0.22125699279069336
0.22125514193176485
0.22141629595160936
0.22130592225055787
0.22133682849049352
0.22146513110916405
-0.00034248298492801536
-0.0004114411800492661
-0.00019276647955493494
0.00015903859391836508
0.00017915292892895857
0.00017903052003940046
0.000155091410296975
-0.00019904987858176024
-0.00041434044588514946
-0.00034725386792985126
-0.00016899515732562414
-0.00016736570271425484
-7.484667407132524e-05
0.00014439615100862282
0.00016806062316671822
0.00016606447512875126
0.00013791432969693977
-8.33439979966682e-05
-0.00017746059274280143
-0.0001816710147767342
4.163247364265408e-05
-8.569330367464468e-05
-6.627068126682082e-05
8.022760141072693e-05
0.0001633130407434479
0.00016324291388513268
7.968309517095987e-05
-6.97188023565315e-05
-9.68114895177258e-05
2.965817051438659e-05
0.00012118011639618548
-0.0001259059504122016
-0.00031183888831804265
-0.00037079424631340004
-0.00041374070262502365
-0.0004041052853650675
-0.00035820414097792344
-0.0002996777098281998
-0.00011029510799163446
0.0001325132420270809
5.231998721329858e-05
0.00011668284389151845
1.5229238773688927e-05
-5.265519632425621e-05
-9.283409408347083e-05
-7.986949408904964e-05
-3.5649549774649976e-05
3.9876131367348934e-05
0.00016143963808393143
0.00010879668778274884
