0.00014058858745078163
-0.001767897492872847
0.0042447107834994524
-0.002965422525068894
-0.0015246739942148993
-0.0015216216771769086
-0.002965335059691266
0.0042274949581111105
-0.0017960094492194896
0.00011902525417071211
0.17560126819878288
0.1684847953441572
0.17440809197068316
0.17264528804518708
0.17316250114379672
0.17316582892415686
0.17262276886668027
0.1744124542458923
0.16848716656638454
0.17560464530118317
0.20498355986758288
0.18895952339349883
0.19636638483810892
0.19977906585758787
0.1961370609130108
0.1961323506673208
0.1997774331191807
0.1963624957535678
0.18895775897388892
0.20498256216521007
0.25860671987246664
0.2305158241216728
0.23741768739621025
0.24836815215943034
0.23920787198769705
0.2392013160595886
0.24836075787058126
0.23741566442557668
0.2305203171631456
0.2586042148182563
0.23830019785736406
0.2028740195353356
0.20878720806765097
0.2219941640976446
0.21905144088309914
0.21906489307214064
0.22197352072675103
0.2087945958140379
0.20287031420970603
0.23830321458436315
0.018565418867182954
-0.018296912677698982
-0.012996355708984166
-0.0032747283969490814
-0.0028243154579332187
-0.0028040449210671144
-0.0032724323664739207
-0.013005023100495972
-0.018301204242099137
0.01857450427083463
0.014635882129422689
-0.02026262849562798
-0.012339507725171504
-0.007598055646248607
-0.0029892149666062907
-0.002961999089954052
-0.007577864013132838
-0.012348391404006693
-0.020268734608871356
0.014630715135223378
0.008087723375044533
-0.013980603261008594
-0.005319289114334452
-0.00770282433396081
-0.006651256767722424
-0.0066159912975367885
-0.007684019209418557
-0.00531923309751698
-0.013998304272001513
0.008090030346927346
0.002462926003671063
-0.004452836387633578
-0.005625893075430517
-0.006246688629845754
-0.008759062430568433
-0.008736052993749235
-0.006238883881517554
-0.0056249258779864225
-0.004457824628184903
0.002465592836552
-0.002675861514362609
-0.0026560523725734937
-0.007449411186993018
-0.004452787771728149
-0.006063710205909256
-0.006055756899175495
-0.004443381355303813
-0.0074425532912675155
-0.0026554534799633996
-0.0026769009931863377
