0.04095168929027923
-4.3862405573707195e-05
-0.0033306671713261926
-0.015668754516147045
-0.013826571666959145
-0.019942888767263706
-0.03645389365192086
-0.01889002755886895
-0.0010442883840795013
0.018100391131905334
0.039856863445619464
0.007213275449114912
-0.01829186946727016
-0.021356930239707972
-0.013375311341748557
0.009625798837353048
0.03945350490196363
0.06079645264721561
0.015907251395063816
-0.007153350313316681
-0.04695233380314739
-0.06355722959381668
-0.014937598678258284
-0.026780360676271032
-0.056335906636810935
-0.025039057501739057
-0.011520718818807577
-0.023029228884902657
-0.017494788369561153
0.005694428619286826
0.036500906510966706
0.025520488049940164
-0.02826017823694372
-0.0604923694293337
0.030006888973701126
0.07781116776606892
-0.028816272025526377
-0.041175426543392506
-0.002549129145451228
-0.03752701174687836
-0.010417479387102316
-0.04115677239813942
-0.07470520191928628
-0.008797849324338216
-0.007118130948472936
-0.042530788398655484
0.004698701260026855
0.03166618548088608
0.033129034698456836
0.019148596221623886
-0.019344212986213763
0.01700946753938384
0.02810197592097875
0.022814364029712784
0.011457095099557866
-0.00107607639236299
-0.028086547265701457
-0.043443719004327995
-0.02721792240196386
-0.007352111052985392
0.0010543364139261498
-0.009380767639903474
-0.018465499517194412
-0.022830600687359006
0.07551989484415661
0.0210041766684444
0.01129306126253195
-0.004661182116942173
0.0012696865609559801
-0.002754206982312316
-0.02668660844684869
-0.009758041629563906
0.00667573368110462
0.01541082535517119
0.03650997084145531
0.008156934518956037
-0.02995411000367248
-0.03879578127506593
-0.03741215651168567
0.003901085095419631
0.06104944720466892
0.06468031376837206
0.03240925505212287
0.016935820131697536
-0.031756458206080626
-0.052329406193385754
-0.001231553272741447
-0.006489242408435
-0.04221535094948688
-0.02188812104138231
-0.010523549931797205
-0.025716203285723827
-0.02836284083412462
-0.013489263219297144
-0.0005740818997844047
-0.04469549906961981
-0.10487855466612035
-0.0925530348423498
-0.014936708681823525
0.006694781768272636
-0.05290011259279354
-0.0387505093760822
-0.007527454623651543
-0.0011181816377370311
-0.0031173530246759794
-0.029889047245613806
-0.046842435432257176
0.010269811818132649
0.004561562884956374
-0.014879119342016096
0.03246070352711765
0.04724700071021766
0.0460849161521853
0.039639873842630895
0.0021969570387264633
0.0006648199634310148
0.01564917470954746
0.009811825168376507
0.007927776829588914
0.00948253781732506
-0.01956136063847163
-0.029843925356251976
-0.010140887907443726
-0.0005496751520716818
0.00752432539729161
0.0063418572963894046
0.0010964086092748024
-0.000104865793204551
0.07125688972944656
0.022981492014514666
0.016047146405357645
0.002747241816859142
0.01395256722332239
0.01504005073806107
-0.015019437132643615
-0.001375487925901359
0.015890008638491167
0.011998384299416768
0.027389391008082332
0.007848183079444071
-0.03446808757277027
-0.035535143514115484
-0.029749636433448384
-0.01304616757471051
0.04609935311018882
0.050393595618408595
0.0388311573777789
0.030477141156860954
-0.017225391024035377
-0.038462279962769144
0.010723749639509124
0.014448553078301006
-0.019461158863848114
-0.016970981689788372
-0.015400679438336892
-0.026474338290581947
-0.03323894764659781
-0.032614948256186584
-0.020011507192937403
-0.039258596224867666
-0.0744412214364123
-0.06126291972104864
-0.025634260550287422
-0.039662327185288074
-0.06598739089049818
-0.03358299458748914
0.004112518010981793
-0.0149778725135642
-0.016470717870687407
-0.014092401166126846
-0.009907766180707949
0.027081951894088182
0.011556120347284
0.015934167752397376
0.060337741201701864
0.05178743876527907
0.03575428859177473
0.015610183021329592
-0.030091887389963465
-0.025158790985858583
-0.002212785777305438
-0.011203011491779923
0.006266615885067214
0.020879113453606452
-0.011370469033642838
-0.013011963811699648
0.0072366681549166575
0.0032093076040855353
0.010097755859920472
0.01777142071565018
0.01627646130688727
0.014133231685752099
0.04783634739887168
0.008592984979394768
0.011265539674817955
0.0044662362989584085
0.01567831563437451
0.025136470433761705
-0.0037690134654578614
0.0028819558956324647
0.0224333733368147
0.009489496082886607
0.015903878012797436
0.006556098541886837
-0.033465289854843455
-0.02070523385872881
0.019090626889191345
0.045618074601205205
0.04408874172554241
0.02567650257105332
0.028910101997863348
0.027471874662034042
-0.009960729168414669
-0.027573726552350283
0.015553159904491548
0.02638912945827534
0.0056644453748203975
-0.0007834081409078463
-0.020645905540868505
-0.03139859261154514
-0.015516517880951807
-0.014681020386579893
-0.01304374676312836
0.01926795284159548
0.0636481412140816
0.07064737310650393
0.013122656332114438
-0.05266399980265671
-0.0500004761703625
-0.014199547679039103
-0.018116971185139972
-0.03956246436512771
-0.0006916520004278035
0.007202356649958824
0.02230088080188102
0.029577769277435825
0.006980950667526393
0.035657507315883526
0.07676192732150722
0.048692400734495635
0.016314691040876794
-0.007317737462567007
-0.02924827399522266
-0.01086645071240232
-0.008949874463184482
-0.022129057643429505
0.017099169965646324
0.031006231351962035
-0.00587071800421682
0.0053014448291014
0.0170229823514115
0.00025962072944405264
0.005242116275836944
0.01650820013511525
0.01971541736174607
0.012286362340305489
0.04280341473463735
0.004183297815231996
0.013382380287466663
0.006550082368024075
0.007037462614070952
0.025485422504318414
0.007106222134894286
0.00496243106842732
0.02499516959467848
0.008028973098323042
0.003605949998388511
0.006547330436469604
-0.025723803900597295
-0.018985941753581672
0.03676767100680806
0.061417453033776034
0.03694722656947156
0.028158874546993787
0.021144255355186135
0.021096713780429974
-0.00856334584653429
-0.018912211321519566
0.016933815876673978
0.027574546834519476
0.02448763865533838
0.029674896724429103
-0.007022524513960153
-0.032859815984848925
0.011132440894129797
0.04778986561576789
0.046321324611847015
0.07823664513946683
0.14045932537592828
0.1329086392657459
0.04143381213572755
-0.007383827897957629
0.020410370068881432
0.012434818584838265
-0.038802266956576036
-0.0347760527475291
0.009063045208888546
0.02701990381318261
0.03345724995138808
0.015304444378887207
-0.004848566428151386
0.03689799949615899
0.07304417320577077
0.049977653249823915
0.01859503489058851
-0.007549451342728734
-0.011648327175482608
0.0057404508360842385
-0.011034292604003822
-0.009965101710008476
0.03441126562803838
0.03344478060516872
0.0006381759544599443
0.013011888522058502
0.013418395376852264
-0.006744674872823192
-0.004002047179635591
0.007804630568711612
0.008905508675741868
-0.0021362722951285547
0.04796339114641253
0.021684263435504537
0.025349554303383103
0.011431773376915155
-0.004757921683716794
0.019240072620122055
0.017548922799204954
0.008430421882601045
0.023751578220205582
0.007227788254892958
-0.009967366426171693
-0.002795237808364669
-0.01900964943700176
-0.01846251334646644
0.02994912979820086
0.05789198250125067
0.05077231353181851
0.040312613238259166
0.03233886230288784
0.018964058740420297
-0.004765320227851077
-0.003773393951796916
0.024322795788829128
0.027939537936398796
0.031545771469118834
0.05768310052757348
0.041239945968229455
0.0030188933545714862
0.02763737784668227
0.08426681943069131
0.11282572118709315
0.14024093831726264
0.1800368413173876
0.16973694191759775
0.11578174265417997
0.10266075019478653
0.09210303926205596
0.009373936444617975
-0.050680154662545336
-0.011576789489596749
0.03221966260911604
0.03298258915746626
0.023753263233703272
-0.0025920060782652285
-0.010604951418026873
0.027296336012395825
0.05259421954558801
0.053713330982740386
0.04558042879662203
0.020617757056543406
0.015058642414551193
0.01817930413012626
-0.005345790951286495
0.0008654995961028893
0.041470804990671455
0.02324359238858699
0.002186514442621204
0.01523346385500822
0.00532824825627033
-0.01439804653224142
-0.004770281878207628
0.001255798056469403
0.005912505724358814
0.013146325773522812
0.05361568111861705
0.03644236667448742
0.02923979680495963
0.019041476295049205
-0.002865909988866147
0.014968852344466045
0.025637359969972715
0.013091475560527416
0.019494140850752645
0.0070578174667492
-0.019487499722507837
-0.023524356527979
-0.02975143968444675
-0.020105377550567623
0.026544176967050123
0.05550048186976758
0.05677293173603281
0.056740207177057744
0.045478969599880036
0.02883398268613077
0.025998873312982264
0.03273935269767988
0.04478571899242209
0.0466703975560338
0.04573916081542256
0.06694439927224395
0.09628672376130154
0.09609923456291088
0.07744674982514273
0.07385353850028681
0.09612015087196159
0.13147162471331178
0.1626068123239434
0.16805707871554704
0.15836221581169427
0.14749451966410046
0.09659768031610631
0.020806718908352565
0.01763130444594286
0.05976144453514349
0.05314603498852071
0.0330633868098906
0.024813813960124276
0.0010131069354370518
0.003777634542949584
0.031114148541322655
0.0386986164671694
0.053705440329654
0.06542092135150317
0.04486293713451148
0.03805845659247992
0.02553334970423587
-0.010384721081756075
-0.001060167124471221
0.021363904621818575
0.0001963871299965499
0.005166729770923778
0.009817373784254914
-0.0141347913379622
-0.01351973562239436
0.003849542449596996
0.0072802478353653985
0.019744571612125613
0.02103256884901442
0.03861199283342633
0.034647605142633486
0.01875195628039269
0.021066891965721382
0.008424583186619185
0.011483918176529382
0.028260565088063083
0.02336640920900983
0.017070589749988825
0.006691913020978985
-0.015147812059771623
-0.028347501508125116
-0.0348837373662011
-0.021249781461159647
0.02238340916986365
0.044006143994812355
0.03823500298972731
0.04601445853961191
0.05367029309426832
0.06557524897772013
0.08924514901640182
0.08991972209438684
0.07826902386286702
0.09125500268557608
0.09247004767830273
0.08014246574110201
0.11866605613769561
0.1785863803429317
0.16717563498408314
0.10552410728460973
0.07539586130030505
0.07856573064619282
0.08748753520228579
0.09010759370529178
0.11271207680085643
0.12113052660757856
0.11239810262561298
0.11667537172811383
0.14331500509075976
0.12201312099643621
0.0646348707803535
0.06019306523928906
0.068330517810559
0.041973709981810624
0.04237378715896897
0.05547165999191652
0.04622660129171965
0.055735767255459395
0.06332524581073769
0.04375575365812786
0.04239931528715177
0.023014323826718225
-0.01512303135298248
-0.012325208658062317
-0.003954646913908188
-0.009309443748985053
0.0032511373159476165
-0.0052359008514799325
-0.025605288540259223
-0.00358526545536398
0.009488023933679772
0.016811105963065655
0.0319376300974791
0.0238961105883594
0.025998692205275346
0.026498754807719828
-0.0010583467423853125
0.007831416999718111
0.01722321619878275
0.01610997390549965
0.03262567628697941
0.03245903607873671
0.01674426429335563
0.010020909704260977
-0.0030689313466835326
-0.010138378698053273
-0.007831961251789542
0.002944493101718481
0.030784773198741826
0.037005505465501
0.014751022452553062
0.020933757585884328
0.05934315351150825
0.10202564116524143
0.1357477731525006
0.12822817979887763
0.10178380744554254
0.12320917830997684
0.14497562255334126
0.11431785343677583
0.10586711995180291
0.15546351103359268
0.1751302263024245
0.14274240578723305
0.11457357045045054
0.10180437918860144
0.08241227384563675
0.09034344769212731
0.1127617585524071
0.12561690734815414
0.15531243340400586
0.1878826405775176
0.17993891562480466
0.11451258583795154
0.07734951303278317
0.1108153105758322
0.12165358173427983
0.09055371402725589
0.08485073156166092
0.07605125899207028
0.0469399462627895
0.044811149353137694
0.04112313986547073
0.030855934711573378
0.04308081544281467
0.026241396771394723
-0.006960962381669553
-0.0018944242760784039
-0.0015522898099934932
-0.006660273635017277
0.005868283509965613
-0.007210565887016108
-0.01250551092829947
0.009183236187380785
0.005919416388051026
0.02050547420531247
0.039221893648634924
0.02640236178024443
-0.0023084552928350267
0.03870023707163284
-0.005146882289073075
-0.009384602117850171
0.015119234008652713
0.022794532660619194
0.03776471158834648
0.034114149046757525
0.01762706787977727
0.012054569491890535
0.0024870691073017024
0.003438168000931847
0.02152896730695932
0.030416334315362326
0.04169611473907605
0.046708377671307186
0.021145678950767695
0.01386504998491263
0.0530033469100498
0.09263105896180268
0.10997862326469209
0.10174388260130224
0.08031751986754333
0.0878700841024873
0.11778732577389718
0.11177285590873788
0.07286575737176866
0.051158972535378926
0.05727766126815133
0.07653841386385252
0.09998628476111894
0.11456846083100126
0.1157449009621513
0.12166251021370075
0.10719922512196024
0.1004892791725434
0.1068696170087223
0.1117907738687855
0.08527286056791386
0.05370751027664792
0.07109359507410155
0.1079918382296571
0.10428396673277691
0.08887054088244968
0.08732024182230638
0.061459064239153254
0.026061308421036156
0.017053159645866314
0.014029578453271607
0.0286327373259386
0.04695827685246235
0.02545781255146898
0.004716794741527868
0.013205584185336959
0.005115752309088079
0.0020589695402768423
0.016287284354606673
0.011797706304276281
0.011899296753070469
0.012355857196340895
0.00313003574844871
0.018200446167005217
0.02639442634423996
0.009407073708484362
0.0003622362423832418
0.041361890867573706
0.008260896442414557
-0.0084866910909605
-0.0001600265630367788
0.01824573878531505
0.0393934587758965
0.03311374969539267
0.01029800971973163
0.006000361169363987
-0.0014083534803695699
-0.0010176309280142363
0.02330212054510488
0.027673965610363466
0.024804198319451652
0.04684630069189902
0.051161209310316036
0.0318885330042348
0.03623626343091182
0.05128350171828392
0.049296171484933
0.04305368500034101
0.0293895045258943
0.007638484886079467
0.012264720783816118
0.035638369863375964
0.022505367279999088
-0.021642655166080604
-0.032729684994372295
-0.00033488459355996466
0.03644144263467651
0.05350374871903073
0.05367859251531598
0.052064895903293745
0.04837765325028238
0.032382661649288894
0.017300773304141363
0.0077461751298303575
-0.003745303589645201
0.0008002526504823306
0.021650567688552152
0.0282570715843229
0.02487466980683077
0.04064455470158067
0.04911039058258591
0.03421881979812822
0.01954583977559578
0.009636038468659226
0.012696523474803411
0.04092588256106403
0.04468715998205419
0.012485495073405194
0.00545778744773411
0.015731267890984554
0.004521892021887979
0.009774513361374713
0.029242097815912922
0.026925020635869136
0.015499777012177836
0.002658132054889038
-0.005227320856010375
3.641480508893421e-05
0.00015325088349888675
0.011544693484897544
-0.02656354645836841
0.02275574858666714
0.035008669838745635
0.006161790991049528
-0.01112382677021543
0.006185585670574447
0.038415157365156334
0.03540602898519966
0.008083203268603257
0.0014360674891310686
-0.002162938122811791
-0.005206501161277691
0.015052660207535094
0.018274563363904917
0.001810974438131832
0.025048622165661
0.06039648220484289
0.04590550309636152
0.020079356471259236
0.027119176891200247
0.03971688299987234
0.04016112699619632
0.025619183923128185
-0.016086793791638465
-0.04791653142373228
-0.027717270590673252
-0.0011249011259892865
-0.005584538608050578
-0.004867086282457285
0.015066499971511712
0.027849335686704797
0.018045944101361074
-0.0031079143676760136
-0.0023970731442970895
0.021469181304754184
0.029854089907178163
0.015776573911302622
0.0011761374558952552
-0.005177341280303511
-0.004526308738060241
-0.008336920529628946
-0.02052242960604925
-0.007130821776634353
0.02584188099269747
0.03413413451655883
0.03481241125819434
0.035889461905823816
0.024463191658893383
0.03488879259929902
0.058054217499466716
0.03257054590329176
-0.004388506955910901
0.002567215102260462
0.007482994992654004
0.0013618849951055917
0.020874258057199474
0.0337639330671322
0.019237337922679867
9.082106739772625e-05
-0.009574285887476606
-0.011408311949518789
-0.011086023886571851
-0.00492192566221594
0.034196385845137255
-0.02328555807087741
0.0006621542921260233
0.03430953768547141
0.023824623003137615
0.004794371069451994
0.011059090176359703
0.0324851736397186
0.039625212538522914
0.021870745239606373
0.01095130130836248
0.013158523694626846
0.01203172643153236
0.02316758362613946
0.03163738122584356
0.011019796272234051
0.007108832831056419
0.03938604536032304
0.04115111352398731
0.011946292689805191
0.02650921660896079
0.0723023378627454
0.089958296346636
0.07644155922766303
0.03974781818566837
-0.001526163574025301
-0.0018526440130298247
0.030262331151436804
0.05298640539825882
0.05708731382005857
0.04788746315694435
0.03224357765976133
0.016622502303270944
0.0077127471296515775
0.023412782345737827
0.056035108156558086
0.06375437659791523
0.04342229554482991
0.02858840532898231
0.027961490264681317
0.03548887160450516
0.039041975998234245
0.03596379854597183
0.053143287523606704
0.06927388100680867
0.05954261468368887
0.04775722876744113
0.03715617803367945
0.029000810244916745
0.05109992036312424
0.06050591626982943
0.019861699409886913
-0.009469947667895575
-0.0023267550569395223
-0.008085482538916692
0.0035971608521842228
0.036544581899284764
0.033435474165203365
0.009833880544321617
0.0034751860942600975
-0.0027393070714850343
-0.006030780488044523
-0.003486705944401023
0.012862215667290478
0.038364986457272744
0.009316155760197458
-0.008298390759447955
0.012301251704132378
0.027322603163124997
0.033429915607460926
0.02893212112283549
0.026666033382565166
0.0405026927158771
0.03649257010505928
0.01929297931247614
0.024342918320052927
0.03536035513791513
0.03845990375941216
0.047865606227277195
0.0392642087077646
0.013243229591179156
0.022622341528982876
0.04479766265235219
0.035129283143366684
0.039006150875418207
0.07880166196101349
0.104823132106252
0.10478569507501474
0.09289047033830224
0.06322339460037484
0.043909991948951684
0.0552856052521263
0.07811568312026675
0.08186283881034308
0.058545504286181216
0.026501758151582556
0.01899134592645866
0.044295480323537785
0.07811275084725218
0.09185264850882442
0.07877175189274538
0.058850814362703244
0.04551689927906537
0.04159740579688441
0.061962715307249144
0.09714871101405485
0.11635674092994223
0.12079948572019657
0.10406071508189076
0.06631064953288168
0.029808449748664187
0.01379757117992448
0.02733868977496943
0.05782868840084899
0.05660950486245693
0.01881163860671405
0.002659237648269653
-0.004024920291179906
-0.018573598291940295
0.009024707765675943
0.04001670448703654
0.022821077916626412
0.01548282114447585
0.026498042723759198
0.012681680327965362
0.0013516978497381711
0.012243484765724328
0.030567045151083452
0.020974179705114594
0.03787572881370671
-0.00044227539311176656
-0.005449250761192935
0.01765444870910429
0.042847328855423285
0.037575558177019734
0.02291021070477559
0.03820518105465685
0.04367941794205565
0.014965310288108337
0.007729946230958289
0.030478960615061612
0.03626969202998049
0.03799598068254686
0.036527018944072336
0.010915336389231346
0.007338616595210365
0.04980993707394958
0.07676760519362916
0.07207968921401593
0.07872019345751352
0.09656228747920255
0.10795601905889081
0.09947639304333251
0.07621900515447634
0.05377149586783339
0.04939398173075696
0.06290897839654533
0.08630973999817748
0.09050435088856544
0.06045529434528695
0.041545816267840534
0.06447222870096021
0.0948325659260716
0.10254019212813524
0.10007596544586377
0.0932877954349714
0.0681485390153585
0.04057925237648885
0.05462699199874747
0.10454757152117354
0.14199895695233486
0.14027437750107744
0.10432234956884415
0.056405367639696204
0.016964388505383666
0.020562750142991165
0.047635970590836615
0.054741476808628294
0.03352395998241581
0.020424452266953427
0.022632011480117675
0.0006325748749891668
-0.012661896469274018
0.011200403797102805
0.015313807316614947
0.006104456091936327
0.029951724751524595
0.041060446680817715
0.014253939113611702
0.003609560293094369
0.021633607819601552
0.029061352361383592
-0.005130289827283572
0.04064693054280562
0.00432264582605269
-0.010794030210587491
0.009639881030679004
0.03345555507887764
0.03719782695014653
0.027584055789970516
0.031989746296603845
0.043948255657599085
0.024240438782569845
0.0013696037280984878
0.011029922113235856
0.020253972202370803
0.018745078031175717
0.014526362551913311
-0.006228970558320986
-0.023255171122869737
0.015507591197872948
0.08089217594534762
0.1084329865119689
0.1101620800479554
0.12246938167934596
0.12291633177208512
0.09197370157896989
0.05959065988312223
0.047088803910502
0.052419204590753304
0.06771969419736938
0.09598282211909255
0.10998097274188598
0.08512557600338518
0.050340855056618145
0.0447491563886255
0.05973373107130724
0.08253321545464956
0.1080579089764455
0.10943534805901743
0.07600748155926386
0.0483006530656834
0.05826902678988676
0.08954229339348334
0.11588358983632548
0.12194030162579178
0.10921715840970375
0.07422019982240788
0.052108153956514615
0.06415054713120423
0.06468161139246004
0.026068931858124943
-0.0028491873021396956
0.014116217400894457
0.025974518741210956
0.00856982278349598
0.005331318557129344
0.005572063644398237
-0.008227670330948603
0.013207472323423829
0.04642795370341212
0.027267210241363304
0.00024486390514849663
0.010138283841800953
0.026663579981170964
0.025381217407094817
0.011650870564908948
0.03547170222132296
0.0048684835787756835
-0.01054815847354656
-0.0022085751442474178
0.015306660832889459
0.03700294908743652
0.03521066431221843
0.01891689937832305
0.030917536520795205
0.046710194620578335
0.02459425057697048
-0.0008179473450886202
0.005891380712181659
0.015864573076381724
0.01575965778281971
0.0018385801685727632
-0.029325458975385802
-0.02336920208946504
0.04389730878123515
0.0997109499482522
0.10715360734074074
0.10123798264717189
0.08625488535891747
0.051743374679659
0.01764964140378838
0.015523998670321731
0.039556518766369626
0.06558920069569192
0.07455462005917653
0.0680344403111441
0.04998805206092109
0.03013934398029128
0.02254054640583915
0.031212174120350666
0.054140218011411397
0.07326007907355438
0.06177230965640085
0.03789168647808668
0.03745496929738535
0.045708897803698356
0.04265273110849163
0.04991476585018155
0.07174977308289164
0.08304376937106964
0.07656502426472778
0.0760708947018834
0.07020810173750155
0.038488598389368
-0.007825423760079279
-0.012850821247278524
0.01982932934533607
0.02660203423649802
0.010388002855034478
0.00827352046546846
-0.0021763008987955644
-0.0023170494048092524
0.03534854251467061
0.04004821551693671
-0.0035907409654579872
-0.005981773809065735
0.021553415236933913
0.023629706950388997
0.019995438878752415
0.03569882517556492
0.04704864952959065
0.01630977872235554
-0.013069657523541278
-0.026126926000756535
-0.0185623500366491
0.014152465552094042
0.03382248056138275
0.01471187867799125
0.005883297596660364
0.027687913215883722
0.021383639282278346
-0.008354486666860478
-0.013290654450262828
-0.004077933076197815
0.004949399339157465
0.010876600167832429
-0.0096448175597306
-0.029384698290378063
0.00036201665172744794
0.041943909442591694
0.03431086337700578
-0.00831528873674572
-0.03703768627025802
-0.03972611996041095
-0.03464251735703058
-0.034879009203544135
-0.0230107588026118
-0.0031958088170499564
0.004052816643055551
-0.0025565798059468867
-0.002403955615156269
0.0008573422387347884
0.0027448929005558253
0.007488907059746424
0.011676237937411165
0.005687786094736593
-0.009959262521725961
-0.017136477901593804
-0.014489339045566327
-0.024396321623252063
-0.04106691391314249
-0.02998160981205322
-0.009373574912392789
-0.00013868319075421252
0.012884961775907864
0.02791322272567706
0.01747266693437034
-0.012424089787170469
-0.021435316625867146
0.004357975590069459
0.025635316240283517
0.011393976312144578
-0.007347202347340774
-0.010462821699730113
-0.010206142239256134
0.00908885779902822
0.028222577775877833
0.0021714188695282125
-0.021484211757475166
0.0006807985293348949
0.009928077219239816
-0.010036521274579479
0.0018643214276579383
0.049234990248367944
0.05732222392096212
0.040536594920956785
0.00160633633379205
-0.028944332790480417
-0.03201536538455669
-0.009226668146677323
0.025765730820612384
0.030838613585031385
0.002794559282789244
-0.007139178256790641
0.0005151738678304705
-0.007919652418744922
-0.018638222625762133
-0.01917550942244617
-0.016536596916415704
-0.0060052837652828425
-0.0020975593505356835
-0.020256685324775318
-0.031200878819254065
-0.017771523074748573
-0.01878611841293258
-0.05805794485171945
-0.0956563066178869
-0.08485438384553555
-0.04850761078555828
-0.03634471359746272
-0.04365603590646746
-0.04194388073759934
-0.038299780774459585
-0.034901691403006425
-0.023251878773322177
-0.02167651248256043
-0.030023413973516447
-0.033931228507234026
-0.037262786205271736
-0.04185859801042318
-0.0382315125616173
-0.03411983194959195
-0.045346413492273197
-0.06792413382743645
-0.07217090643344778
-0.057804820962323096
-0.05606093833365236
-0.05598113410593976
-0.028501285361015736
-0.00390001159891917
-0.02226504294466323
-0.04225541251124573
-0.017933141882813895
0.013993555248808414
0.008397985994539503
-0.011202479348359199
-0.013951758604836556
-0.01213616799616968
-0.006020094575400192
0.011347714241028158
0.009488099356690944
-0.00503215774939182
0.010165812891809758
0.01767523132830681
-0.02088523363162585
-0.0361350564455509
0.0046753915036109265
0.059804328370964215
0.06281822080463273
0.0719251752215776
0.05263327340497708
0.03429320693651813
0.03577885655219365
0.038359835136418476
0.057461290433574
0.07865425508992951
0.06353927929727421
0.03781974163055286
0.040637781794299756
0.046729302343798344
0.0459368666090645
0.046787720403454025
0.04080309215696214
0.03695885729239529
0.04559817603237543
0.03425563354671724
-0.004337407010509822
-0.01714580379208748
0.01284408827251144
0.03433350226283105
0.017421047598210344
0.002747267982546935
0.01644360006272863
0.035423438134773486
0.03650125994026748
0.02579893066149732
0.0073551381707622375
0.0036177121854215817
0.016302064336746927
0.021979496105956193
0.014664382622514415
0.010455386194030187
0.010048807810278088
0.010590724721696382
0.01641382860628073
0.018156973856379023
0.008884802875392762
0.0003535502815715287
0.0025173231506683868
0.002432204011968044
0.006791003957581171
0.03222641109825348
0.06199577994839278
0.04976357782333282
0.004984906681161915
-0.0030988480016097527
0.036210423830764296
0.054787149272762015
0.035976336657110884
0.033528509474779436
0.04978586022589397
0.04602153513660427
0.04137215464947007
0.05393306666379674
0.061528897964473514
0.07227588357426337
0.08536909998873707
0.054584176992665975
0.009284407795632716
0.01850104361605062
0.04784800004214177
0.06815853098034075
0.06034087374550539
0.09994907749918396
0.1229780684662126
0.1280967047119149
0.14144639919198962
0.14876753035013465
0.14815688883095832
0.15976803592655597
0.1637202121279532
0.15048060571220934
0.14840082164516666
0.15347627691669508
0.15483666390103734
0.16189043685271404
0.1606442834202321
0.1504759934058983
0.15238964633363106
0.1514690913720606
0.1198085266102645
0.08931924916816276
0.10446753533671665
0.15014869906461653
0.17125123072871964
0.1538443625149563
0.13202725854440261
0.13136205970905143
0.14028842329843574
0.13680619307010078
0.12011692167938727
0.10944951874356514
0.12024588023265619
0.14063817444501495
0.14339818152808034
0.14715440454705028
0.14348967377527583
0.13782477396962328
0.12829994722147364
0.11945756900337359
0.11769502398520428
0.12187234602050953
0.12105972823818448
0.12321412191092093
0.15445540756324114
0.19551650147415237
0.19034398228414645
0.1388425632377881
0.10671906751579958
0.12518576976825993
0.1544087894819526
0.14997220230771338
0.1339350765380691
0.1439134098323929
0.1558897350820859
0.1484775068207314
0.14679241991407677
0.1601594718445112
0.171768461767676
0.17802298599052518
0.16673585756270085
0.13504303548634433
0.12063235299120878
0.11768637709730416
0.09027240665452432
0.0635451471558687
0.05250763627758707
0.09902097719805975
0.15559592305771713
0.17057613594534143
0.17249539711279338
0.18986758830082287
0.20383039153205781
0.21291263102682595
0.2173791770847425
0.21001473287947364
0.20573179913855405
0.20773892950974804
0.20398893852545602
0.19983502419037327
0.2034648526063691
0.20531060609977003
0.20559826134674494
0.21571482316137175
0.22518985548441026
0.2124620391045949
0.18592804515994216
0.18133111760728335
0.20421218217095374
0.21588985038669284
0.19796847585871372
0.17867199912199097
0.174774518060308
0.18385025191124568
0.19869675198854028
0.20601528303210292
0.20865839730252317
0.20984365502164015
0.2162253679388183
0.2118715508606831
0.20112333944807065
0.2031414296670724
0.20015475367110416
0.19170909736957745
0.18344520333865033
0.1794665706198154
0.1841697458219706
0.20292286786937033
0.22831576426905056
0.23036833894264785
0.1979301522248563
0.17816040635869299
0.20594992568042353
0.2382279322516092
0.2259210613128978
0.19619626928601916
0.19403758153213732
0.20276897413137626
0.2035025775293996
0.21470938218322605
0.2340709239184073
0.2348960889224476
0.22103063654410224
0.2117140320301604
0.20343143744603018
0.20033188722410333
0.1977885702734113
0.15945865564692419
0.09718942444327203
0.05555245145073568
0.03665212706545757
0.05756137982366356
0.10843811185623166
0.1293809783697134
0.1112967112835626
0.10789745414595839
0.131611110144325
0.15866453039414832
0.17362051650630117
0.16557362500631315
0.14647813429498596
0.1373767240299081
0.13097003096089044
0.12372807630524742
0.13325544229012573
0.14602689638579597
0.1426627698018356
0.14000469914335548
0.16099036878541134
0.17933491648383001
0.16159419144292955
0.1301560783012623
0.12629262433851637
0.13621442900256847
0.134274474063358
0.1222415546663118
0.10995325782266974
0.11470705391648472
0.14315830172432428
0.16845081425037178
0.1704847495512819
0.16090169661684872
0.1538740658183798
0.1338387136673459
0.12962605271713631
0.1348417874323718
0.1384811660490614
0.13517225579909156
0.12602194810424078
0.1248612657457488
0.14478102708126844
0.16432820961542036
0.14978418722115097
0.11043476032770148
0.09235036065864917
0.12430886276835462
0.1740223249155363
0.1817387663378402
0.14618354161237507
0.12754177989845328
0.13789929972792275
0.138604233722994
0.13877403908455815
0.16592338830519213
0.19066487154623737
0.17575690766352284
0.14953356919152974
0.14604141880554022
0.15304539878417917
0.15588962843982201
0.1434618913038199
0.11160699834907044
0.0803636301101404
0.044508223477509316
0.05160946600803925
0.018164036456626453
0.015593122829963425
0.04163040612911536
0.03728250055647699
0.010849938973584205
0.0059723918968983694
0.03418676983028609
0.07221711577151389
0.0846239671371267
0.06022066660123104
0.02696407271902177
0.007415041845953697
0.006525117636666875
0.023457694423913485
0.04160704357514988
0.03845733592789783
0.023046145517916235
0.013796871786690004
0.023896503507954487
0.040098157226493784
0.04624790323154915
0.039278923218596
0.02691382235855263
0.01926068346679295
0.01610553742895828
0.011102648572819906
0.006384899002588594
0.015103563694155376
0.03204177503779333
0.039490007831519174
0.03764428801259734
0.035699043225425824
0.03353160708371965
0.02303885664899574
0.0063318259138267
-0.00440417798273305
-0.00044225072509532297
0.014544820292220003
0.03600460849791411
0.05709426648556717
0.056468525701997674
0.027990093317961772
0.0043466375800647935
0.012797892889363838
0.03373012516640137
0.033824110866545035
0.01825833459190835
0.011485227031390608
0.019932230180767615
0.022949508702210245
0.021198557577366522
0.029128464078358278
0.04742197558944448
0.05834060348835782
0.05536961596042562
0.05188185595762273
0.04747294204261114
0.034684257221360676
0.022743520396017475
0.02620777127025925
0.04562509040207239
0.05748001960572935
0.023995150480378282
0.07859063628297777
0.025375816333152897
-0.03271717186245495
-0.03187462443606417
-0.008607112253246021
-0.014770449907785244
-0.03733198420174821
-0.042311375859725074
-0.0164572536513184
0.01733505233381606
0.02126820434697468
-0.006584820734104558
-0.036113024529045364
-0.045523196279192144
-0.04024371499802855
-0.031962103567404435
-0.022084058019244807
-0.022062175392701576
-0.04166822452417019
-0.056450506369240615
-0.03836775296451077
-0.007761934584632344
-0.0013379499312506458
-0.015833569819557698
-0.03190247722568741
-0.03972898489278733
-0.03832414548042681
-0.035511383110395305
-0.0352430027535698
-0.033686626189972826
-0.021820766129997546
-0.015038904885396767
-0.0045897375868951444
-0.00206088211042202
-0.02214028702704888
-0.048474202781069994
-0.05988763322959309
-0.048870373708588176
-0.025202935812131722
-0.007141997959402353
-0.011291919103685507
-0.028368336368409512
-0.03185612340049507
-0.014069402725243624
0.002995601439191605
-0.004476847497786181
-0.030607513003442326
-0.04186120310584853
-0.03417924963857559
-0.039124437978281655
-0.05043114700938246
-0.03934117138215981
-0.018423116947662844
-0.008526387521934384
-0.0021813497833121994
0.010673736448375533
0.011053509350335347
-0.01960320043590913
-0.05589366396852095
-0.05614424733760933
-0.018192131924252578
0.022430346361886403
0.03204503489458784
0.013247441520630331
0.07337662512242057
0.05079676995613769
-0.01022742796554776
-0.052882103405232625
-0.04181460697582101
-0.01396389724875187
-0.007878289867410364
-0.023091067611495878
-0.03569410374027059
-0.027265321557355768
-0.0055549559604281176
0.005978324915259134
-0.0020008258835127017
-0.022030987462670817
-0.03598148274595982
-0.037017095346349525
-0.026854292406690204
-0.019018160911638913
-0.02298589232547661
-0.03447368243972902
-0.03311029196118127
-0.020690618826064704
-0.010205633882980613
-0.0023988274235599025
-0.005786742071203268
-0.022770623502511227
-0.03509866444271373
-0.03387636775229578
-0.028270379981998706
-0.009003433490737149
0.01097225853804103
0.021899045249447684
0.026604523247025568
0.0182020826720406
-0.004693798564004455
-0.021212693786213533
-0.01919295248005635
-0.016333368209366993
-0.012429160686311547
-0.01560106481074047
-0.03312931550697974
-0.04635170664337189
-0.034462208830154197
-0.013760749946477783
-0.001980372787130201
0.002021218260264517
0.004716376824203338
-0.00014226242511743966
-0.01716002673563249
-0.041350571049662894
-0.04613955086814905
-0.03320878514177399
-0.008366684864666265
0.01165310397226017
0.017359979739579156
0.012097767915629947
-0.009618549854939422
-0.039149340478243054
-0.04627780789134682
-0.0199410808506162
0.009810698587774738
0.016955555447325736
0.015696897722165024
0.04519054337470909
0.024562122003661133
0.035856402318516896
0.016911494268332532
-0.031146904453147904
-0.052937139320128244
-0.033507306965958404
-0.0016807989202516959
0.012196259816996912
0.0006983708383175157
-0.019168554664760404
-0.02514347527897626
-0.007693485875111059
0.009049421130459884
0.004121225089151869
-0.00698726520271199
-0.007479748899679421
-0.006377555422342109
-0.011875108844424387
-0.016727303339636384
-0.020775683537701962
-0.02445344082143938
-0.019987627910716958
-0.0013453482921303545
0.026641510697505543
0.038754949377715474
0.025987762989155394
0.004595212557835727
-0.012388580892181342
-0.016427123343103037
-0.0029987898094490303
0.015031244102492552
0.027257305970918178
0.02506040834811805
0.012818308302797116
-0.005580504555373295
-0.01126936646220828
-0.00972431771105821
-0.003600664165989253
0.0034669867752017457
0.006149837959858784
0.0033482232780612233
-0.000922952634979872
-0.006284018021192899
-0.016361708585423983
-0.017634687586625092
-0.0027829533622303745
0.01714898449344283
0.012132018948225848
-0.009145874002230327
-0.020401077836829692
-0.02108754420338136
-0.01653746571487761
0.002969950177770995
0.022489805790880116
0.020441917358875378
-0.004257580740927334
-0.02061305912589307
-0.0061612653439173685
0.020463422521452144
0.029649660952255002
0.01330847737438241
-0.004339878024998088
0.01112551320569742
0.06884600378664979
-0.01700524919536618
-0.0011794252515780635
0.0142049921184024
0.0001011754906861967
-0.02761222564117626
-0.04009777857768802
-0.03229380684473758
-0.013904959643830948
0.00610717650997241
0.008832369127920802
-0.005401772067162061
-0.013150675042411299
-0.003967453670909004
0.004279988326721905
0.0036740365107449232
0.0028485102183667993
-0.019420179043285083
-0.010616239662714478
-0.01956587186435581
-0.052562105900567986
-0.03345431265876443
-0.026878525265950977
-0.002102985956271248
0.022053669756070312
0.03367669012604213
0.04091161883011046
0.0367698765608878
0.018810981736237683
0.0006655563091984745
-0.006279141082325051
-0.0025244446487337905
-0.004076692735647791
-0.011752058524091754
-0.021486067874531875
-0.02076477286853117
-0.018520118876061708
-0.013219225330379827
0.005648319757459633
0.022422107921244765
0.030037831180780735
0.028413036420736556
0.017972434184049577
-0.002888765553030159
-0.018312519745648632
-0.021141239389430435
-0.012669634274576968
-0.008717024911736987
-0.010868915575263812
-0.014507684165256024
-0.01085508993290928
-0.004564912950226341
0.005789836330974566
0.010936948623219651
0.011178814326740255
0.00105396589779982
-0.007519423279712883
0.006282706066026529
0.030660125836200175
0.0351593534580476
0.011189317485289533
-0.019105822253133058
-0.023960859047847335
0.007969857270829583
0.048203829465008195
-0.012817338725887601
-0.0058867122872334424
0.011392816112836613
0.01686671201482604
0.0012991960465568815
-0.018057865195013078
-0.03540540207482162
-0.04796209815630746
-0.041110721868326074
-0.01500347741662666
0.004848758335124595
-0.001160463622905102
-0.008654275607481051
-0.004391535513218721
-0.0026732198965589956
-0.026839701285128303
-0.01369458732513153
9.250765593575287e-05
-0.044518715698238315
-0.024776381873963724
-0.003240849361230547
-0.03021798103999285
-0.024778898407778704
-0.01786989641469526
-0.007356452546918548
0.006822558586613978
0.010765343717510078
0.007515547711680276
0.00023817967231257569
-0.007526523420561248
-0.013389529782656076
-0.016138358402997377
-0.022261368395197736
-0.021388788799903552
-0.0093923328375244
-0.0010884521098284599
-0.0018039252279060203
0.0015697924842395425
0.005441935001180875
-0.00274502665427215
-0.013838378888400768
-0.024555544557791763
-0.03212003003092417
-0.02880208874677686
-0.01722977549600187
-0.013117006595828592
-0.023370904942394313
-0.025793528835099343
-0.02256159590589985
-0.008810614600514391
0.007890422498898967
0.01912522274202052
0.011330950246147128
-0.008219458432832099
-0.017881490237536234
-0.001284887902705408
0.016919892319658222
0.00933489065011496
-0.010425218577686158
-0.022233048272919068
-0.022703838758147573
-0.012139866600899517
0.00757515582653667
0.014259958753392586
-0.003967449917414083
0.007969093819591853
0.019400166586523625
0.019988716037897408
0.005284843854304922
-0.010014197439154137
-0.016918445819088787
-0.026397187900250987
-0.04564826515381001
-0.04268599333855635
-0.017381263742873
-0.002521232728873528
-0.007067086050758413
-0.014380214196899917
-0.016792922098821966
-0.017482331660254598
0.0030929072285654697
-0.008265729623824825
-0.012029194733956706
0.00981357310512637
-0.01723808553574013
-0.025831179347153815
-0.030157350937250523
-0.02561185326143686
-0.0012002157016786285
0.01375623919461589
0.012646124733140704
0.0034527990108872584
-0.005375835537920209
-0.01286905102988837
-0.016214204516947994
-0.012138764801867541
-0.008453180442592566
-0.007360654323305233
-0.003838305736911155
-0.0019953602655514856
-0.004021799053825155
-0.006384226738997804
-0.012187102462889041
-0.018422801500189868
-0.01969873145159084
-0.019076801871706968
-0.017251341106810817
-0.013060820917815238
-0.008282592244223152
-0.015042298312335448
-0.024117593150412835
-0.027434283756445303
-0.013875759298065572
0.004678037193386488
0.013775385385320466
0.0067088694696773475
-0.014632475721866538
-0.035364167914771746
-0.029987634612034186
-0.010294097717380038
-0.005843088282405833
-0.01822937878822308
-0.019337602190983374
-0.006102915365856212
0.008215033802285946
0.01843516096834301
0.017766531554143893
-0.0029767716191725583
-0.03661708274501546
-0.0061493493131008735
0.013201585601298742
0.023532905210055008
0.00910617147282266
-0.024181758667162677
-0.03495937729903105
-0.020179912660873364
-0.01394881209845311
-0.02160164668925625
-0.020049850160990736
-0.0002893674334034189
0.008660713163897904
0.0011441100503828438
-0.009561295613594709
-0.0130823502892349
0.0008905831994097844
0.01737364950060603
0.015358614124040855
0.0030658238623158143
-0.009641293613878384
-0.017008981286833424
-0.02756000125416568
-0.01701553250291149
0.009283116364407045
0.031049500552885575
0.04984343610906467
0.05712420654344875
0.055800918438817314
0.04320408716102088
0.02195549808077797
0.00214161052270069
-0.008369537909570736
-0.009984419373326087
-0.0054007452353733035
0.007512255935197347
0.025382563071301982
0.028492096617866065
0.019719540968590993
0.015663024874250354
0.012134838933359081
0.004708184032572302
0.002049154168651991
-0.0004619682010582213
-0.010267877269550156
-0.018717311003759965
-0.013513403321505225
0.0008241804504468125
0.02173380422004825
0.028041949808502248
0.014788225015820061
-0.014674473729614411
-0.03209796751509488
-0.022852609255407774
-0.00933382246159546
-0.009249478187932998
-0.014305633733423424
-0.004956022829196975
0.010607155548387997
0.015920428395555086
0.023234028004580243
0.03663423173475487
0.027273992961186353
-0.016021447719474814
-0.14287935547314845
-0.08953165304157991
-0.050998710897447376
-0.014700036763059459
-0.0016575358596890109
-0.028257482305880124
-0.06422726753718627
-0.06935983490693783
-0.041158539139413405
-0.02741748825063417
-0.028508699892108677
-0.01582594139673704
0.003931180368427956
0.017888835456418357
0.013707663087767566
0.0021608266722255463
-0.0004166549146214856
0.011011862517971871
0.029823529138218712
0.01196626569322739
-0.0028620881647435548
-0.02301750654789825
-0.039109292526398734
-0.033918916592047425
-0.056702184425544
-0.04755309755208245
-0.014047194401600354
0.02156170121288788
0.04014506393316356
0.03382842387247032
0.008058022681839134
-0.024133799224553075
-0.04367789972175779
-0.028188258097951568
-0.002302696663841954
0.02167860812703623
0.034635822202255515
0.02116878963907942
-0.008454864141437328
-0.028229631120361757
-0.047825468157838995
-0.052080462254213256
-0.04353844402357968
-0.033259170152534566
-0.031106836435371606
-0.020555577501996575
0.0022191500069721954
0.029319329207367482
0.03880762695608105
0.028159287851501208
0.006572558694024427
-0.00788041364273451
-0.003511229364588606
0.004358140980135684
-0.014017196814660354
-0.03569885660923299
-0.0477568680069635
-0.03484926289104254
-0.021858480016274776
-0.015694640052390355
0.0056861230564461416
0.016215863378278204
-0.019458933689968306
-0.0810981335114893
