8.82152848588981e-05,0.001033446007805314
-0.00015764527089288997,-0.0004711229101357129
0.002647869921684751,-0.0007364022528589738
0.0008972690145658478,0.0005578382148825815
0.0005817657293823052,-0.0035793558235258077
-0.0036862189500949873,-0.002169297000499247
-0.0035485784847533223,0.005743801851397022
-0.0001576452708928897,-0.00047112291013571287
-0.0012404947860385658,-0.0002916966556282636
-0.0026497208003243324,0.0017487665504325404
0.0049545837539584645,0.0009316742147170826
0.00023411265018956356,-0.0033998476957819816
-4.492441355554389e-05,-0.0005023957272674537
-0.0036841021895260323,-0.0016543496374313818
0.002647869921684751,-0.0007364022528589739
-0.0026497208003243324,0.0017487665504325404
-0.003856479064745918,0.0034395655925574626
-0.007735657755709533,0.0013925254690946728
0.0073426981823909564,0.003359136399630841
0.0001865826168994713,-0.002423002611645615
0.000869309202068864,-0.003409174236784027
0.0008972690145658478,0.0005578382148825814
0.004954583753958464,0.0009316742147170826
-0.007735657755709533,0.0013925254690946728
0.002346528586414756,0.000320553106913172
-0.008323163889396875,-0.0002595994603158028
0.0028968484855014494,0.0009694198888725546
0.0008194208383953411,0.0015918994675843071
0.0005817657293823051,-0.0035793558235258077
0.0002341126501895633,-0.003399847695781982
0.0073426981823909564,0.003359136399630841
-0.008323163889396875,-0.00025959946031580273
-0.0018285798351465369,0.0028917345716841774
-0.003011501534230465,0.0006801842102851673
0.001847695780776292,0.00047683846600688487
-0.0036862189500949877,-0.002169297000499247
-4.492441355554364e-05,-0.0005023957272674537
0.00018658261689947144,-0.002423002611645615
0.0028968484855014494,0.0009694198888725543
-0.0030115015342304656,0.0006801842102851672
-0.0006565844003211523,-0.000400520220510939
0.0003198987235180997,-0.0003752787724009697
-0.003548578484753322,0.005743801851397022
-0.0036841021895260323,-0.0016543496374313818
0.000869309202068864,-0.0034091742367840278
0.0008194208383953407,0.0015918994675843071
0.001847695780776292,0.0004768384660068847
0.0003198987235180997,-0.0003752787724009696
-0.0006916529031377125,0.0004897982645897677
-0.0017821021835621868,-0.0004971468058679177
-0.001486463355380476,0.002698086546211259
-0.0013243011730659376,0.0007160880319574862
-0.00499010946179141,0.004328238980268188
-0.006725215246893492,-5.732058718103895e-05
-0.0020780541855556006,-0.005014660755262999
-0.0010766310097467644,-0.0014127446516603902
-0.0014864633553804758,0.002698086546211259
0.0008820160087232541,0.0004876124483610254
0.0008206372903889707,-0.00454812317898552
-0.003941479238913084,0.00650023864141871
-0.008731094518819553,0.008372319105686164
-0.011625385756716204,-0.0020457523063025346
-0.001029651315223496,-0.004363786645996037
-0.0013243011730659376,0.0007160880319574865
0.0008206372903889699,-0.004548123178985519
-0.003938455394289832,-0.004442651602057916
0.009093306947188063,-0.00435582083964249
-4.02273668645279e-06,0.0035733253777881346
-0.007759072194932616,0.009074541838228858
-0.006120940825292103,0.00019685138154110747
-0.00499010946179141,0.004328238980268187
-0.003941479238913085,0.00650023864141871
0.009093306947188063,-0.004355820839642491
-0.005709230358035183,-0.0022288529364853375
0.008797708292039694,-0.0014246458396734276
-0.005175898642548751,0.007403420518685266
-0.005231021669472467,0.002156209325819931
-0.006725215246893492,-5.7320587181039116e-05
-0.008731094518819553,0.008372319105686164
-4.022736686452898e-06,0.0035733253777881346
0.008797708292039696,-0.001424645839673428
-0.0038469354332307006,-0.0008487812012768813
-0.0007763494102445364,-0.0023438337733607283
-0.00214083846719358,-0.0019391457840110017
-0.0020780541855555997,-0.005014660755262999
-0.011625385756716204,-0.002045752306302534
-0.007759072194932617,0.009074541838228858
-0.005175898642548752,0.007403420518685266
-0.0007763494102445372,-0.002343833773360728
-0.002249496419439924,-0.0015441134087845836
-0.0008066639171412852,-0.00245761773138722
-0.0010766310097467644,-0.0014127446516603902
-0.0010296513152234963,-0.004363786645996037
-0.006120940825292103,0.00019685138154110747
-0.005231021669472467,0.002156209325819931
-0.0021408384671935798,-0.0019391457840110017
-0.0008066639171412859,-0.0024576177313872195
0.0020318932114041384,-0.00038707334647579135
-0.0002609358405218509,0.00018665179397567354
-0.00041593361467312127,-0.0014113281479630074
0.00037733152928531117,0.0031352053270500948
0.005822594115363192,0.005141127893154768
-0.01062844462736894,-0.007185915387701875
0.0006843339033111729,0.013637506371125048
0.008514095622012774,-0.008677565633971302
-0.0004159336146731214,-0.0014113281479630072
0.002305199341727885,-0.00042433504736981225
0.002427468900887846,-0.002321143965109992
0.004510595528024734,0.004922868489380244
0.0021848180201592283,-0.00017809609807079398
-0.00806393598663271,-0.009061918054986837
0.0014419485720112346,0.01283854180985129
0.00037733152928531117,0.0031352053270500948
0.0024274689008878464,-0.0023211439651099914
-0.0013801874963672402,-0.0009267623935063664
0.003704117450581243,-0.005676606155232801
0.014099904345532141,0.008542645093713466
0.0031669684755668,0.0007559568096112076
-0.010042832986459175,-0.006919056134767199
0.005822594115363192,0.005141127893154768
0.004510595528024734,0.004922868489380244
0.0037041174505812445,-0.005676606155232803
-0.00436003721184509,0.0009549866956122014
0.0055161949034090675,-0.006317963423108141
0.0027406106937163865,0.0026242918802370585
0.004150800549125553,0.004965313025298968
-0.01062844462736894,-0.007185915387701875
0.0021848180201592287,-0.00017809609807079414
0.014099904345532141,0.008542645093713464
0.005516194903409068,-0.006317963423108142
-0.0017203746759494425,-0.007565548719037737
0.004207179419347579,0.003256459386496569
0.0017636588360931394,-0.001011937498047336
0.0006843339033111729,0.013637506371125048
-0.00806393598663271,-0.009061918054986837
0.0031669684755667995,0.0007559568096112082
0.0027406106937163856,0.002624291880237059
0.004207179419347579,0.003256459386496569
0.0005973781981843514,-0.0004591181500836562
0.00020331551309174935,0.0001770677232472791
0.008514095622012774,-0.008677565633971302
0.001441948572011235,0.01283854180985129
-0.010042832986459176,-0.006919056134767198
0.004150800549125553,0.004965313025298968
0.0017636588360931391,-0.0010119374980473354
0.0002033155130917495,0.00017706772324727868
0.00023563159095163223,0.0004532520604019537
-0.0001782950252813697,0.0003703803018571015
3.906382075584956e-06,0.0007411541014661045
-0.0004339004261293656,-0.0005163800767357463
-0.003218570578796518,0.0003555428721201257
-0.0019078630023753142,-0.00603791072453695
0.005826415116634215,-0.013474432024868851
0.017458778573871632,-0.008216531101386263
3.906382075584522e-06,0.0007411541014661039
0.0008522685446334464,0.0007467207667750731
-0.00019427505073146378,0.002519367776231144
-0.01132809389212111,0.006948965915220238
0.0018171579984913914,0.013937948824428496
0.0009879353016704522,-0.0023020901452094943
0.00554690115071874,-0.013554464316001163
-0.00043390042612936517,-0.0005163800767357461
-0.00019427505073146248,0.0025193677762311434
0.004652067450157924,-0.0009376930588900767
-0.004179847580838347,0.007008102394888086
-0.005152158262271602,0.012179852062988822
0.001602285433594044,0.012815394549137275
-0.0014346067348000055,-0.006396833700331962
-0.0032185705787965194,0.0003555428721201254
-0.011328093892121107,0.006948965915220237
-0.004179847580838346,0.007008102394888088
0.004332730887601009,-0.010494960295932578
-0.009652832857646638,0.003078649088858568
-0.012065413950509713,-0.0009786581383614992
0.0023994683800297825,-0.003537818304478464
-0.0019078630023753134,-0.006037910724536952
0.0018171579984913922,0.013937948824428495
-0.0051521582622716024,0.012179852062988824
-0.009652832857646638,0.003078649088858569
0.0019220918278857074,4.713010284277492e-06
-0.0010716958869653663,0.0018798228964170267
-0.000408052669978554,-0.000989020231178282
0.005826415116634215,-0.013474432024868851
0.0009879353016704515,-0.0023020901452094943
0.0016022854335940432,0.012815394549137275
-0.01206541395050971,-0.0009786581383614983
-0.0010716958869653659,0.001879822896417027
0.00023389184422083827,0.00028239806475711547
8.958767657619716e-05,-6.769860291993505e-05
0.017458778573871632,-0.008216531101386263
0.00554690115071874,-0.013554464316001163
-0.0014346067348000049,-0.006396833700331962
0.002399468380029783,-0.003537818304478464
-0.000408052669978554,-0.0009890202311782824
8.958767657619727e-05,-6.769860291993434e-05
0.0003017557679381969,0.00010307135790409871
-1.4156832881741417e-06,0.0006497888084677654
-0.0004182528520630665,-0.0007190692628745382
0.0018425214701869828,0.0019642186505963322
0.009457256117135424,0.002408441060976162
-0.004235531534783247,0.007595451438640345
-0.005651785715796021,-0.0003688838749257543
0.01649031137621418,-0.000981980577632829
-0.0004182528520630666,-0.000719069262874538
0.0006553122430025388,0.00014727981253894156
-0.003352142620016951,-0.0009308741816380385
-0.004681218139969471,0.0032727550074872847
0.01190895675220046,-0.013429908020754939
-0.003410631058132452,0.014682132459240882
-0.0047570621323204994,0.0004769445673846026
0.0018425214701869833,0.001964218650596332
-0.0033521426200169534,-0.0009308741816380398
0.00111213437806356,-0.0037233781629579543
0.0007968525305388251,-0.00021018489045008105
-0.0002871928485691845,0.007220862871863952
0.010867614003415599,-0.01116242821720997
-0.003170225543619412,0.006430460700458362
0.00945725611713542,0.0024084410609761598
-0.004681218139969473,0.0032727550074872847
0.0007968525305388236,-0.00021018489045008084
-0.0017718825061298798,0.007961922022223407
0.0012439395887867619,0.005017572395003981
-0.0007903732903181094,-0.0034616222972012616
0.0031265689631688213,0.003824789053058378
-0.004235531534783247,0.007595451438640344
0.01190895675220046,-0.013429908020754939
-0.0002871928485691851,0.007220862871863951
0.001243939588786761,0.005017572395003981
0.0009594761444918302,0.000986568685902634
-0.00022739784661933156,-0.00040722661385301324
-0.0003901044371774368,0.0004694975482726891
-0.005651785715796021,-0.00036888387492575443
-0.0034106310581324528,0.014682132459240882
0.0108676140034156,-0.01116242821720997
-0.0007903732903181104,-0.0034616222972012607
-0.00022739784661933188,-0.00040722661385301313
-5.217947842360121e-05,-2.3742925350369562e-05
-0.00010334943895591911,-0.00011497729563371686
0.01649031137621418,-0.0009819805776328284
-0.0047570621323204994,0.0004769445673846025
-0.003170225543619412,0.006430460700458363
0.0031265689631688213,0.0038247890530583774
-0.000390104437177436,0.00046949754827268987
-0.00010334943895591966,-0.00011497729563371753
0.00018555711910699937,0.00039217060328371043
-0.00016763288687949608,-0.0007632025551258728
-0.000244488860027313,-0.0001059185517912418
-0.0012961866912064015,-0.0009656217265471031
-0.0026520254329456053,-0.010532168554631745
-0.017082771339839684,0.00712853364564922
-0.008927924205463768,0.011317915237163832
0.004755286010435788,0.006213737838795669
-0.0002444888600273128,-0.00010591855179124208
-0.0003306684543498855,0.00015627474406996935
-0.0014206431244010434,-0.0004191064448768059
-0.00975770769619043,-0.004226719301549086
-0.006465671181407024,0.004647864449957933
-0.01793386218220669,0.014086075371923572
-0.007994820911329347,0.009870915516467599
-0.0012961866912064026,-0.0009656217265471032
-0.001420643124401043,-0.0004191064448768071
0.0005541244794311209,-0.0010319021877948599
0.0016659651196948813,0.005589503441499618
-0.006447145810822671,0.0016776803154034325
-0.005713189585390424,0.003706442915594674
-0.015224099772255514,0.006076608621360545
-0.0026520254329456053,-0.010532168554631745
-0.009757707696190433,-0.004226719301549087
0.0016659651196948815,0.005589503441499618
0.0030898295826058747,-0.004639132427663105
0.00024092830918643455,-0.0019010597440290472
-0.004706274355086757,-0.006675520414237229
0.0033513774598490833,-0.0070516167406594575
-0.017082771339839688,0.007128533645649221
-0.006465671181407024,0.004647864449957934
-0.006447145810822671,0.0016776803154034325
0.00024092830918643498,-0.0019010597440290477
-2.7567356437589556e-05,-0.0010409211481434608
4.450247084476918e-05,-0.00012520577267638943
0.00027997948392394277,-0.00028530132652637935
-0.008927924205463768,0.011317915237163832
-0.01793386218220669,0.014086075371923572
-0.005713189585390423,0.003706442915594674
-0.004706274355086757,-0.00667552041423723
4.450247084476701e-05,-0.00012520577267639073
-0.000223246838607631,0.0003807279971857274
-0.0004606710021883081,-7.091789595528152e-06
0.004755286010435788,0.006213737838795669
-0.007994820911329348,0.009870915516467599
-0.015224099772255514,0.006076608621360545
0.0033513774598490837,-0.007051616740659457
0.00027997948392394223,-0.00028530132652637946
-0.000460671002188308,-7.091789595528369e-06
-0.0006739340894646522,-0.00029857540694647926
